83 86 77 15 93 35 86 92 49 21 
1 1 1 1 1 1 1 1 1 1 637
2 1 1 1 1 1 1 1 1 1 720
2 2 1 1 1 1 1 1 1 1 806
2 2 2 1 1 1 1 1 1 1 883
2 2 2 2 1 1 1 1 1 1 898
2 2 2 2 2 1 1 1 1 1 991
2 2 2 2 2 2 1 1 1 1 1026
2 2 2 2 2 2 2 1 1 1 1112
2 2 2 2 2 2 2 2 1 1 1204
2 2 2 2 2 2 2 2 2 1 1253
2 2 2 2 2 2 2 2 2 2 1274
3 2 2 2 2 2 2 2 2 2 1357
3 3 2 2 2 2 2 2 2 2 1443
3 3 3 2 2 2 2 2 2 2 1520
3 3 3 3 2 2 2 2 2 2 1535
3 3 3 3 3 2 2 2 2 2 1628
3 3 3 3 3 3 2 2 2 2 1663
3 3 3 3 3 3 3 2 2 2 1749
3 3 3 3 3 3 3 3 2 2 1841
3 3 3 3 3 3 3 3 3 2 1890
