100
77 86 1.316832
35 93 23.118813
49 92 28.079208
27 62 27.930693
63 59 15.643564
26 40 15.900990
11 36 13.881188
29 67 20.574257
62 30 24.376238
35 67 6.069307
22 2 28.504950
67 69 17.702971
11 56 7.257426
73 29 12.693069
84 19 6.742574
24 98 14.920792
13 70 11.633663
80 91 7.881188
62 73 26.396040
81 96 4.356436
84 25 19.455446
5 36 8.881188
13 29 11.148515
95 24 25.712872
14 45 14.376238
64 34 3.237624
87 50 26.762377
78 76 18.297029
3 84 11.366337
99 54 5.752475
76 60 22.990099
12 39 20.079208
94 86 5.801980
70 95 22.564356
67 78 9.643564
2 97 12.683168
52 92 3.237624
80 1 25.207920
65 41 9.168317
19 44 9.495049
31 29 17.920792
71 97 17.297029
9 75 26.643564
56 67 23.237623
86 53 19.772278
83 6 8.663366
28 24 20.485149
29 32 5.554455
70 19 18.742575
15 8 25.128714
96 49 0.396040
45 18 23.990099
21 51 14.811881
88 79 14.009901
41 28 4.297029
0 93 28.712872
24 64 16.178217
56 87 10.435643
27 91 12.801980
36 59 21.633663
37 51 12.693069
7 75 24.633663
58 21 3.207921
37 29 14.207921
18 93 21.534653
11 43 4.831683
76 29 22.455446
63 43 3.306931
6 38 2.603961
18 4 29.504950
69 88 19.188118
96 17 19.574257
70 43 17.960396
99 90 26.663366
44 25 24.574257
39 5 1.485149
69 86 11.722773
64 42 15.762376
55 7 4.821782
11 48 27.663366
99 28 5.069307
68 46 13.099010
11 22 0.099010
1 5 26.534653
78 30 2.089109
36 20 5.396039
22 26 20.831684
16 8 20.247524
24 58 14.079208
24 62 15.118812
52 36 16.336634
50 79 29.099010
73 71 19.386139
30 81 6.049505
60 94 17.653465
81 99 2.702970
59 96 10.386139
68 13 4.485148
26 95 18.316832
40 84 25.801981
76 84 10.792079
7 36 8.138614
79 56 8.762376
12 87 29.287128
59 72 7.702971
10 36 28.603960
6 87 19.128714
72 13 21.000000
19 55 5.653465
4 21 7.910891
40 11 25.435644
28 5 4.623763
84 50 18.584158
24 20 7.405941
96 69 13.287128
84 30 8.326733
72 72 13.584158
85 25 5.544554
40 99 4.475247
13 98 10.118812
24 90 23.247524
81 9 0.198020
32 36 0.089109
4 94 13.613861
73 69 1.178218
55 50 26.099010
79 42 16.732674
5 93 29.148516
4 67 7.831683
54 61 16.762377
44 59 21.742575
6 2 19.227722
42 21 17.366337
89 28 10.574258
58 8 28.138615
8 36 3.445544
3 48 25.079208
48 33 7.851485
67 54 18.415842
29 68 2.435644
88 46 27.821783
90 49 1.356436
63 33 17.653465
92 53 20.960396
52 25 3.029703
88 75 8.475247
36 29 29.970297
21 14 21.089109
28 4 18.712872
48 50 11.653465
94 2 25.702971
43 99 9.772277
28 2 24.049505
81 0 8.643564
59 38 8.485148
34 35 24.762377
15 92 7.910891
29 4 21.653465
85 64 19.495050
35 43 10.584158
38 0 10.366337
89 49 26.247524
92 88 3.138614
44 43 2.722772
82 90 6.920792
69 41 13.861386
61 32 26.990099
17 60 11.405941
81 61 6.267327
25 90 14.346535
77 67 23.722773
26 90 16.574257
14 57 25.584158
58 5 8.396040
0 86 0.316832
94 26 5.702971
78 52 17.386139
90 46 20.980198
51 70 7.594059
93 31 11.584158
12 27 14.623762
55 14 28.079208
12 90 16.059406
69 10 3.950495
55 74 0.386139
33 20 29.514851
38 88 26.108912
84 70 28.079208
6 17 12.732674
37 49 15.247525
17 59 16.188118
83 45 10.277227
73 58 25.079208
83 89 3.732673
57 78 8.980198
29 71 19.049505
18 59 17.821783
88 25 16.613861
57 33 28.158417
58 93 13.079208
17 99 17.029703
63 69 3.752475
73 94 19.821783
62 31 2.148515
92 90 19.128714
15 57 26.742575
74 57 0.702970
51 47 19.712872
37 21 14.762376
30 54 9.108911
81 25 14.336634
2 16 0.752475
96 39 12.089108
80 38 18.752476
70 21 26.019802
79 12 4.277228
36 85 13.039604
83 76 4.099010
57 59 5.514852
11 99 0.039604
36 50 18.584158
5 18 17.326733
44 49 6.564356
34 5 12.683168
55 75 23.772278
68 89 20.138615
5 18 20.821783
82 22 29.326733
93 30 2.247525
93 26 27.762377
43 53 14.613861
13 14 25.485149
62 77 4.148515
19 88 16.089109
94 32 3.465347
35 46 1.059406
53 91 19.970297
28 73 16.564356
10 91 10.544555
36 17 18.000000
90 55 18.049505
4 30 25.029703
33 61 25.356436
73 89 16.782179
5 51 18.059406
3 68 26.534653
95 6 16.485149
20 49 16.623762
63 26 16.702971
81 96 22.247524
36 60 18.960396
18 70 24.108912
32 42 26.346535
21 79 2.237624
72 84 8.811881
40 34 11.158416
98 72 29.435644
47 63 24.455446
73 30 25.544554
22 59 20.633663
82 24 23.138615
4 32 17.673267
98 43 29.742575
78 40 4.811881
62 62 4.643564
48 41 2.702970
72 24 14.386139
35 54 1.009901
65 57 9.118812
76 71 19.277227
1 18 5.138614
33 53 0.425743
28 59 0.168317
20 97 15.405941
34 8 2.910891
76 91 26.415842
52 15 22.455446
59 89 7.534654
16 10 13.920792
39 9 14.000000
9 78 0.000000
14 81 6.564356
26 89 27.801981
23 47 0.069307
32 31 1.257426
75 81 25.861385
90 79 10.693069
31 50 15.188119
94 57 18.148516
3 81 16.445545
82 33 15.049505
15 87 8.425742
4 25 12.930693
51 92 29.623762
34 32 18.980198
15 6 15.653465
95 8 22.346535
97 62 9.099010
54 76 22.603960
87 9 26.306931
