1000
777 886 1.316832
335 793 23.118813
649 492 28.079208
27 362 27.930693
763 59 15.643564
426 540 15.900990
211 736 13.881188
429 567 20.574257
862 530 24.376238
135 67 6.069307
22 802 28.504950
167 69 17.702971
11 456 7.257426
373 229 12.693069
784 919 6.742574
324 198 14.920792
413 370 11.633663
980 91 7.881188
862 873 26.396040
281 996 4.356436
84 925 19.455446
505 336 8.881188
313 729 11.148515
895 124 25.712872
814 545 14.376238
364 434 3.237624
87 750 26.762377
178 276 18.297029
403 584 11.366337
399 754 5.752475
676 60 22.990099
12 739 20.079208
94 586 5.801980
570 795 22.564356
467 378 9.643564
902 97 12.683168
652 492 3.237624
280 301 25.207920
865 441 9.168317
619 444 9.495049
31 729 17.920792
771 97 17.297029
709 675 26.643564
856 567 23.237623
586 353 19.772278
683 306 8.663366
528 624 20.485149
829 732 5.554455
270 19 18.742575
715 708 25.128714
796 149 0.396040
245 618 23.990099
921 451 14.811881
488 379 14.009901
841 228 4.297029
500 193 28.712872
124 764 16.178217
856 987 10.435643
227 491 12.801980
936 859 21.633663
437 551 12.693069
407 275 24.633663
858 121 3.207921
237 29 14.207921
818 793 21.534653
11 143 4.831683
776 529 22.455446
763 443 3.306931
606 538 2.603961
818 904 29.504950
369 688 19.188118
996 917 19.574257
470 743 17.960396
499 490 26.663366
644 725 24.574257
139 505 1.485149
669 786 11.722773
464 542 15.762376
355 507 4.821782
611 348 27.663366
299 828 5.069307
568 746 13.099010
311 422 0.099010
801 605 26.534653
878 730 2.089109
736 320 5.396039
522 626 20.831684
416 708 20.247524
924 258 14.079208
624 62 15.118812
452 36 16.336634
550 379 29.099010
973 71 19.386139
930 881 6.049505
660 894 17.653465
981 199 2.702970
959 996 10.386139
668 813 4.485148
926 95 18.316832
340 84 25.801981
376 684 10.792079
107 936 8.138614
179 756 8.762376
412 887 29.287128
659 172 7.702971
210 336 28.603960
206 587 19.128714
372 713 21.000000
819 255 5.653465
904 721 7.910891
940 811 25.435644
228 705 4.623763
984 150 18.584158
224 920 7.405941
396 269 13.287128
84 630 8.326733
672 972 13.584158
385 625 5.544554
640 299 4.475247
713 898 10.118812
524 190 23.247524
581 209 0.198020
732 336 0.089109
4 994 13.613861
273 769 1.178218
255 850 26.099010
579 142 16.732674
205 993 29.148516
504 567 7.831683
754 961 16.762377
944 259 21.742575
506 202 19.227722
842 21 17.366337
189 528 10.574258
958 908 28.138615
808 36 3.445544
303 248 25.079208
648 133 7.851485
567 754 18.415842
529 368 2.435644
788 46 27.821783
990 249 1.356436
363 33 17.653465
892 253 20.960396
152 125 3.029703
188 975 8.475247
436 729 29.970297
921 414 21.089109
28 304 18.712872
748 50 11.653465
794 902 25.702971
43 699 9.772277
428 2 24.049505
681 500 8.643564
159 538 8.485148
134 535 24.762377
215 692 7.910891
629 504 21.653465
285 964 19.495050
335 343 10.584158
238 900 10.366337
289 949 26.247524
292 988 3.138614
144 743 2.722772
682 390 6.920792
569 541 13.861386
261 232 26.990099
117 360 11.405941
81 761 6.267327
425 190 14.346535
677 367 23.722773
626 690 16.574257
614 57 25.584158
358 205 8.396040
100 386 0.316832
994 726 5.702971
578 552 17.386139
290 946 20.980198
51 970 7.594059
593 631 11.584158
312 627 14.623762
355 214 28.079208
412 90 16.059406
969 610 3.950495
355 274 0.386139
433 620 29.514851
338 888 26.108912
284 770 28.079208
606 417 12.732674
237 849 15.247525
217 59 16.188118
783 945 10.277227
873 458 25.079208
483 289 3.732673
757 478 8.980198
729 471 19.049505
618 459 17.821783
388 25 16.613861
157 233 28.158417
358 493 13.079208
417 699 17.029703
363 569 3.752475
173 794 19.821783
462 431 2.148515
292 390 19.128714
115 57 26.742575
574 157 0.702970
951 947 19.712872
537 21 14.762376
30 54 9.108911
81 325 14.336634
2 516 0.752475
796 139 12.089108
580 338 18.752476
970 21 26.019802
379 812 4.277228
536 685 13.039604
483 176 4.099010
857 759 5.514852
911 499 0.039604
236 950 18.584158
105 818 17.326733
244 49 6.564356
934 805 12.683168
955 375 23.772278
768 589 20.138615
805 918 20.821783
982 822 29.326733
93 30 2.247525
593 126 27.762377
543 253 14.613861
713 814 25.485149
762 377 4.148515
919 88 16.089109
294 732 3.465347
235 346 1.059406
153 691 19.970297
328 573 16.564356
710 291 10.544555
836 217 18.000000
90 55 18.049505
904 130 25.029703
633 661 25.356436
73 789 16.782179
805 851 18.059406
503 868 26.534653
195 6 16.485149
120 949 16.623762
763 226 16.702971
981 596 22.247524
36 560 18.960396
518 770 24.108912
532 342 26.346535
321 379 2.237624
172 984 8.811881
40 234 11.158416
398 72 29.435644
347 63 24.455446
573 30 25.544554
522 59 20.633663
82 924 23.138615
204 232 17.673267
898 443 29.742575
278 640 4.811881
262 262 4.643564
848 41 2.702970
272 324 14.386139
335 154 1.009901
365 457 9.118812
776 171 19.277227
701 218 5.138614
933 653 0.425743
728 959 0.168317
720 797 15.405941
334 308 2.910891
376 991 26.415842
52 715 22.455446
559 189 7.534654
16 10 13.920792
539 109 14.000000
109 378 0.000000
114 81 6.564356
426 989 27.801981
223 147 0.069307
532 231 1.257426
875 281 25.861385
590 179 10.693069
131 350 15.188119
494 857 18.148516
603 81 16.445545
982 433 15.049505
415 487 8.425742
404 825 12.930693
551 892 29.623762
134 32 18.980198
415 506 15.653465
595 708 22.346535
297 962 9.099010
154 776 22.603960
587 309 26.306931
21 382 10.811881
860 563 25.603960
685 211 11.108911
930 285 27.485149
314 583 1.485149
820 116 26.000000
528 525 21.801981
490 525 12.663366
618 360 20.455446
928 337 14.782178
310 621 9.623762
225 888 5.000000
437 570 7.475247
722 8 0.524752
657 350 28.544554
126 827 4.128713
651 71 28.801981
528 910 23.257425
888 398 17.019802
577 393 15.247525
199 976 18.712872
87 931 28.138615
657 99 21.950495
17 952 14.415842
368 735 5.158416
195 184 13.148515
266 805 11.049505
528 954 19.881187
278 593 5.722772
672 555 19.871286
0 445 29.940594
283 997 2.425743
382 127 21.603960
334 693 9.910892
421 334 24.841583
957 985 9.198020
762 761 17.663366
716 541 29.029703
662 850 25.960396
217 399 14.574258
15 173 24.000000
364 851 20.851484
491 263 8.811881
537 37 11.009901
871 828 13.653465
856 987 29.603960
970 341 20.000000
511 665 12.297029
361 517 15.435643
112 351 17.752476
638 506 3.168317
489 364 7.396039
104 154 27.247524
141 679 25.990099
969 538 2.396039
956 170 7.287129
649 760 23.801981
314 465 3.009901
183 886 10.455445
535 969 7.514852
393 621 14.079208
109 289 15.742575
264 673 0.603960
295 548 4.603961
833 313 23.336634
355 949 22.950495
468 793 11.336634
933 960 23.128714
171 286 11.712872
140 677 18.693069
761 181 28.663366
50 323 21.287128
75 954 17.425743
624 42 25.881187
289 919 29.000000
238 469 10.435643
383 976 15.455445
343 133 18.405941
981 956 2.910891
11 666 14.405941
192 912 26.306931
868 902 26.128714
174 2 22.584158
216 718 12.940594
487 377 8.841584
957 573 12.693069
933 125 17.445545
418 496 16.900990
726 153 28.425743
393 980 19.445545
305 948 11.831683
559 29 20.990099
562 160 2.653465
280 719 18.752476
10 902 12.584158
583 726 24.455446
708 140 1.673267
557 938 15.574258
710 431 16.267326
690 905 14.158416
638 391 13.594059
667 421 28.910891
180 671 5.732673
899 95 7.158416
154 88 13.405941
232 569 10.455445
373 710 7.415842
663 433 21.089109
94 279 9.871287
351 499 8.009901
742 464 14.247525
515 86 26.237623
186 915 10.089108
634 11 4.069307
722 387 21.118813
643 773 10.069307
354 742 14.940594
139 124 8.851485
418 63 8.702971
269 712 27.257425
733 404 25.297029
819 734 14.643564
87 435 0.643564
450 669 17.257425
837 802 7.594059
610 89 15.564357
704 960 19.950495
829 557 23.772278
892 816 12.603960
605 522 17.039604
361 579 8.247525
447 378 14.138614
882 45 19.306931
551 899 29.475248
353 386 8.801980
794 948 29.366337
107 506 27.287128
664 417 11.306931
480 820 1.198020
354 994 23.821783
933 437 11.514852
312 317 24.198019
709 17 13.772277
608 156 5.990099
995 745 4.940594
295 171 16.059406
801 559 6.425743
571 652 5.306931
743 925 7.227723
89 91 6.554455
878 566 0.564356
196 50 15.861386
213 333 5.782178
370 499 3.623762
115 568 9.643564
639 342 2.782178
198 263 12.940594
202 939 1.386139
128 631 21.910891
571 804 11.455445
138 683 18.376238
540 495 20.940594
226 972 3.277228
725 158 14.693069
645 952 26.000000
339 446 14.673267
603 883 11.396040
542 825 29.118813
174 339 19.168316
330 596 27.069307
13 294 3.633663
860 519 4.722772
832 292 10.198020
990 279 3.821782
295 635 7.257426
741 107 9.782178
976 570 28.782179
801 584 10.693069
492 800 20.821783
440 496 7.712871
735 763 22.267326
606 873 6.376237
251 523 20.237623
530 751 10.980198
165 704 10.881188
625 302 16.594059
547 591 15.237624
131 484 5.415842
931 919 18.524752
427 528 16.465347
543 819 26.376238
768 123 22.287128
643 639 9.475247
394 988 22.554455
98 680 1.881188
752 18 2.138614
695 98 24.980198
179 505 6.138614
98 66 20.415842
978 472 12.623762
797 966 24.188118
272 547 15.722773
912 86 6.297029
900 877 21.772278
932 197 5.970297
951 35 11.811881
49 498 19.079208
906 861 12.217822
325 3 16.277227
797 428 9.049505
115 633 12.603960
14 381 4.851485
100 897 23.514851
329 408 27.495050
879 313 29.099010
914 316 24.891088
765 775 15.792079
626 930 18.376238
629 616 22.396040
409 752 17.712872
395 515 19.465347
776 428 11.019802
26 613 13.336634
786 62 7.227723
100 763 15.237624
416 397 24.930693
544 982 24.108912
826 320 22.079208
794 565 26.316832
546 134 11.574258
62 853 20.475248
842 686 18.544554
807 534 21.504950
869 834 5.643564
984 815 22.732674
382 324 4.415842
716 451 8.168317
37 343 8.722773
602 861 2.643564
88 360 7.534654
941 620 18.108912
628 924 1.316832
162 708 7.673267
996 870 16.356436
811 466 10.524753
487 515 4.950495
290 332 8.851485
633 693 8.019802
494 880 22.168316
854 213 13.693069
475 444 0.316832
751 738 17.158417
811 873 15.257425
681 168 23.613861
499 683 3.792079
14 535 16.702971
346 769 27.267326
391 72 16.603960
623 411 5.445545
836 57 21.455446
281 439 0.524752
371 114 8.811881
596 418 4.861386
764 883 27.168316
800 697 5.712871
335 674 23.237623
457 490 25.475248
529 949 20.613861
292 690 17.356436
349 629 4.029703
140 422 3.811881
255 43 4.831683
25 766 8.405941
260 653 7.881188
957 220 5.267327
983 287 26.772278
826 721 1.683168
127 205 0.168317
169 728 15.920792
798 227 25.445545
221 563 28.118813
616 883 9.900990
382 223 3.633663
35 511 24.574257
608 563 22.009901
895 768 29.722773
968 660 4.435644
173 9 19.069307
254 887 0.227723
481 57 29.039604
396 929 22.603960
280 942 10.138614
855 209 17.445545
366 854 3.732673
281 759 11.821782
401 973 17.445545
413 171 13.841584
422 899 27.801981
661 755 4.297029
71 780 6.336634
0 603 7.950495
942 0 12.970297
504 12 27.544554
358 759 14.425742
117 894 12.821782
90 636 28.000000
614 626 11.089108
865 937 25.079208
620 421 25.821783
400 863 13.554456
4 786 15.069307
356 458 27.158417
368 410 16.702971
128 569 1.693069
374 446 8.029703
10 605 12.059406
989 165 0.504951
926 490 7.792079
699 238 22.990099
562 0 17.673267
348 832 20.861385
807 17 9.514852
569 497 26.425743
139 128 12.059406
585 470 1.465347
542 280 20.811882
707 533 13.207921
550 400 22.504950
788 485 17.831684
140 190 17.821783
325 647 0.138614
694 461 1.415842
191 630 21.603960
320 520 28.247524
142 538 5.782178
422 930 12.693069
308 685 16.970297
708 780 15.386139
545 802 3.009901
87 522 21.326733
735 157 23.910891
548 492 27.148516
530 986 12.534654
51 49 28.118813
589 956 29.920792
872 448 25.980198
557 482 29.683168
337 576 27.207920
139 220 25.019802
14 5 18.752476
523 282 24.772278
15 236 19.594059
353 884 12.742575
754 724 1.970297
710 236 28.019802
158 242 3.683168
641 23 24.099010
569 111 12.485148
790 260 22.673267
147 955 26.851484
781 89 12.831683
17 958 26.425743
901 375 24.712872
978 674 14.960396
566 377 9.752475
161 669 0.554455
536 833 0.039604
999 906 10.861386
260 316 2.742574
567 570 24.346535
8 486 21.346535
966 277 18.980198
693 435 0.059406
719 946 21.455446
96 212 8.287128
117 540 19.148516
950 674 21.336634
208 802 0.207921
525 851 12.970297
447 690 10.316832
934 676 11.000000
563 795 9.792079
351 931 26.287128
297 320 14.554456
861 688 5.247525
401 974 12.039604
428 69 24.297029
582 52 6.099010
433 682 29.950495
123 277 14.178218
151 790 15.633663
946 960 2.821782
229 447 2.168317
549 628 25.366337
589 528 10.386139
563 876 13.990099
984 990 21.049505
36 759 1.623762
71 384 12.237624
700 238 25.633663
490 539 21.821783
450 775 6.485148
250 926 14.267326
878 428 16.554455
758 579 19.148516
634 944 0.326733
977 711 10.584158
736 257 11.237624
472 34 16.851484
710 595 27.376238
249 632 7.475247
376 467 29.475248
302 601 11.861386
82 963 13.564357
14 227 2.158416
958 433 14.217822
669 554 1.782178
927 659 4.821782
313 801 15.099010
260 718 16.900990
892 335 25.732674
712 443 27.237623
313 353 24.227722
628 513 20.217821
856 551 10.554456
641 699 5.643564
195 481 5.138614
854 889 15.742575
8 736 9.099010
726 704 27.445545
414 733 23.415842
857 364 17.495050
210 724 3.178218
723 738 23.405941
626 834 6.069307
325 945 0.306931
806 366 22.118813
47 456 6.425743
784 826 25.792080
840 860 21.415842
573 155 22.000000
290 695 20.673267
366 946 15.594059
104 863 5.613862
290 408 2.970297
235 161 26.811882
601 555 0.029703
410 144 1.396040
588 291 5.752475
448 447 12.524753
956 681 9.950495
651 329 23.762377
949 834 21.207920
164 901 12.178218
572 43 1.227723
733 811 0.247525
640 256 14.871287
136 859 20.257425
428 510 17.801981
875 297 0.950495
556 924 12.811881
885 125 2.475248
71 319 3.099010
324 880 17.871286
367 896 10.188119
530 203 17.465347
786 746 9.990099
645 594 9.900990
508 852 24.930693
805 698 19.564356
730 344 2.207921
207 947 24.861385
878 200 18.198019
758 107 27.811882
7 179 14.980198
210 175 28.336634
308 904 19.029703
902 626 18.415842
106 485 12.237624
804 123 23.227722
501 637 2.584158
448 410 7.257426
0 69 1.009901
108 150 5.059406
287 556 17.237623
462 328 8.792079
718 983 11.297029
345 423 23.950495
182 861 8.356436
657 807 12.297029
294 911 21.079208
57 744 3.168317
126 137 6.712871
628 760 20.475248
184 141 2.336634
865 882 23.811882
848 833 12.366337
623 444 8.000000
485 310 21.930693
644 283 19.099010
555 412 19.069307
300 42 9.732674
789 120 15.940594
549 550 11.564357
42 737 24.415842
924 914 25.158417
109 554 13.445544
554 264 22.653465
216 319 11.198020
499 260 22.653465
263 506 4.584158
305 399 5.227723
777 701 17.524752
328 129 12.485148
417 186 25.168316
683 779 12.821782
237 589 29.891088
853 247 13.356436
524 880 2.821782
784 999 6.643564
643 114 7.138614
42 784 26.693069
96 107 21.504950
225 218 15.257425
763 231 12.782178
894 286 2.079208
835 617 6.970297
82 58 25.475248
315 53 5.613862
314 617 0.623762
780 680 28.297029
564 6 19.019802
23 638 12.524753
242 752 24.762377
825 545 22.960396
463 756 1.524752
80 2 1.297030
491 485 5.702971
544 174 7.415842
161 388 4.613862
841 738 2.970297
848 379 9.722773
838 766 14.435643
942 250 20.316832
488 959 9.841584
596 135 9.514852
598 206 0.831683
435 113 15.009901
962 454 5.415842
702 110 20.534653
440 432 7.000000
171 886 17.633663
289 904 3.455446
539 946 2.960396
850 582 1.425743
986 43 25.960396
192 319 19.980198
657 676 6.118812
463 875 24.188118
925 619 21.138615
709 877 13.257425
595 680 27.514851
500 331 9.920792
446 820 17.346535
29 956 15.871287
424 228 12.811881
744 448 25.346535
772 618 10.435643
647 872 3.801980
619 439 12.841584
848 709 27.851484
528 770 23.108912
859 355 7.029703
31 229 9.702971
988 642 7.108911
568 906 23.435644
369 508 25.188118
987 303 11.861386
211 107 29.801981
3 726 10.089108
64 271 3.267327
186 526 0.673267
541 376 5.603961
122 78 22.841583
765 226 9.693069
23 404 28.900990
532 358 0.762376
187 408 22.257425
294 230 8.178218
372 51 29.693069
644 492 2.297030
522 780 14.910892
898 949 20.722773
976 328 15.306931
202 387 16.029703
958 138 24.415842
668 458 7.613862
428 146 6.643564
658 174 3.267327
62 414 14.297029
554 656 25.237623
334 315 18.267326
635 160 16.504950
964 546 12.643564
703 55 0.722772
842 33 19.178217
300 683 1.465347
446 216 2.752475
621 937 20.584158
387 303 24.742575
43 42 11.000000
710 777 12.623762
870 386 15.960396
417 893 26.603960
824 728 23.079208
858 766 16.405941
893 466 4.148515
109 186 18.405941
46 335 7.099010
702 495 8.415842
96 716 22.049505
874 492 5.970297
260 306 5.079208
506 403 25.782179
234 817 9.039604
352 934 0.881188
818 893 25.732674
5 504 1.207921
692 913 25.287128
187 944 25.564356
256 361 2.019802
748 526 25.554455
54 50 24.425743
809 796 15.138614
626 311 10.346535
912 2 26.435644
157 552 8.237624
661 346 2.900990
927 250 13.168317
871 553 29.623762
584 557 17.029703
111 10 17.702971
513 337 12.950495
661 277 4.396039
324 74 18.643564
326 754 20.118813
878 139 9.544555
225 342 22.415842
827 902 1.455446
380 154 29.445545
290 946 24.801981
300 994 25.247524
990 142 22.405941
619 696 21.366337
693 412 17.910891
448 754 8.069307
587 360 21.396040
929 124 24.970297
183 902 19.990099
337 606 1.742574
636 534 25.811882
630 46 5.534654
125 669 25.138615
173 157 6.049505
585 658 22.079208
339 483 9.247525
52 986 9.643564
176 368 1.514851
430 327 2.099010
37 466 11.554456
571 633 12.514852
617 794 24.673267
638 255 4.405941
147 707 24.653465
157 777 15.475247
992 893 25.534653
978 457 0.594059
347 960 10.217822
26 744 2.485148
492 711 23.178217
477 368 11.762376
271 660 24.366337
879 287 26.237623
586 687 25.445545
363 613 13.356436
609 124 7.881188
66 974 2.752475
27 229 5.039604
771 660 24.039604
835 873 19.742575
203 124 25.237623
215 945 6.316832
503 88 28.534653
542 868 12.683168
155 500 24.821783
631 936 12.693069
958 717 15.554456
187 476 13.049505
199 934 22.346535
72 770 15.544555
196 451 19.871286
494 610 17.841583
582 392 4.138614
802 53 14.485148
654 652 13.534654
591 614 16.782179
660 538 5.405941
488 528 25.683168
422 545 13.495049
544 37 1.326733
996 365 26.702971
606 247 28.366337
350 697 15.039604
403 2 14.287128
55 850 21.564356
21 205 20.217821
911 191 3.811881
439 488 5.099010
336 323 14.782178
726 358 26.900990
91 465 1.207921
690 120 24.257425
388 622 26.712872
390 57 7.108911
240 295 8.128713
797 540 25.920792
341 375 13.178218
829 223 15.475247
152 558 17.168316
510 316 10.623762
327 970 11.376238
800 972 9.306931
774 580 7.920792
831 538 27.029703
479 899 5.455446
19 19 18.049505
746 512 5.950495
969 917 5.881188
528 762 12.207921
196 295 25.415842
166 554 1.188119
138 256 11.871287
718 296 10.188119
608 429 28.168316
507 600 18.782179
878 715 20.574257
390 628 22.445545
308 882 15.198020
422 317 2.623762
69 257 16.485149
623 707 8.029703
879 836 9.792079
527 118 16.029703
956 173 7.792079
908 412 23.514851
976 130 11.326733
956 219 12.811881
839 55 11.148515
508 212 7.485148
765 897 18.990099
472 130 11.950495
661 529 27.742575
131 418 15.673267
656 377 29.336634
69 944 5.752475
551 370 26.059406
123 26 18.297029
530 72 19.742575
94 779 6.287129
991 259 20.138615
473 809 12.366337
2 981 29.841583
772 737 8.762376
501 20 20.653465
445 611 19.346535
167 815 22.306931
193 643 7.099010
617 780 26.158417
396 107 4.693069
8 591 5.326733
817 193 14.544555
150 267 11.702971
887 354 6.594059
259 572 15.247525
223 446 15.455445
38 742 2.059406
682 589 16.386139
814 263 12.574258
921 467 16.108912
865 765 20.158417
58 406 13.702971
325 520 24.366337
679 988 5.554455
251 228 18.623762
697 969 17.227722
791 859 22.801981
732 916 1.405941
995 166 16.990099
814 385 29.306931
579 1 15.970297
337 977 11.465346
857 418 13.821782
845 362 8.544555
425 193 4.396039
746 635 7.693069
605 949 22.128714
873 653 12.653465
39 39 15.059406
777 591 11.148515
130 64 21.297029
108 755 20.811882
526 151 24.257425
240 577 14.643564
433 681 12.920792
69 389 21.306931
370 146 23.950495
23 694 24.217821
414 975 8.514852
5 604 5.059406
421 695 29.980198
176 69 29.099010
680 429 16.108912
257 999 1.039604
938 766 19.465347
679 958 15.653465
825 249 6.851485
872 146 1.524752
847 916 15.415842
451 77 6.841584
498 16 20.772278
568 437 27.524752
349 966 24.217821
348 21 10.356436
466 669 10.148515
777 751 12.336634
26 605 24.603960
172 830 10.425742
88 429 26.782179
518 443 28.732674
886 461 28.772278
323 901 18.178217
289 870 2.118812
662 518 21.841583
332 424 0.653465
435 620 27.158417
392 847 18.316832
222 900 13.742575
4 825 22.009901
447 950 21.613861
908 878 17.633663
162 304 25.712872
32 651 0.613861
902 347 2.782178
326 743 20.257425
298 958 26.831684
498 950 23.831684
398 969 18.108912
576 512 26.871286
878 847 5.524753
108 349 6.584158
764 736 20.821783
415 151 17.099010
114 854 18.306931
210 220 21.801981
168 270 7.722772
471 107 18.425743
440 689 18.504950
304 493 4.049505
151 653 1.851485
852 908 26.306931
941 423 16.188118
92 101 21.009901
946 162 27.217821
519 126 26.673267
789 769 21.346535
249 710 7.069307
290 501 19.158417
783 42 11.356436
788 512 5.673267
696 211 23.732674
471 19 8.821782
924 591 1.009901
87 930 2.237624
565 736 29.633663
334 752 14.772277
396 289 14.485148
897 296 22.613861
292 96 27.267326
156 199 10.980198
367 158 9.277227
386 322 14.405941
977 74 17.198019
908 271 20.405941
996 766 28.019802
749 780 1.841584
38 935 25.247524
334 340 12.346535
430 386 27.287128
982 216 29.801981
492 185 21.742575
814 851 15.089108
241 340 27.346535
864 753 18.217821
630 254 16.237623
762 672 18.079208
697 72 0.762376
389 221 15.693069
776 620 23.366337
992 310 6.455446
529 509 14.990099
380 75 29.693069
720 27 28.049505
474 309 12.415842
80 499 15.029703
752 38 21.188118
176 325 15.663366
398 651 14.277227
370 663 23.970297
32 457 27.693069
541 234 22.089109
616 503 16.445545
996 938 10.821782
305 263 22.435644
157 803 27.346535
195 326 23.584158
520 258 14.316832
523 592 9.128713
538 964 21.702971
348 463 19.326733
582 307 17.475248
437 328 23.544554
375 433 22.643564
990 259 12.108911
146 911 25.821783
472 995 5.693069
82 831 15.465346
675 196 10.247525
639 958 5.722772
454 443 12.267326
761 960 20.663366
441 370 17.237623
875 397 16.019802
486 420 0.722772
398 101 15.108911
745 938 28.534653
929 323 17.861385
125 228 14.415842
435 8 2.485148
230 679 21.702971
190 346 9.772277
913 947 20.099010
310 337 23.485149
83 751 16.405941
536 507 6.960396
826 409 22.504950
149 135 26.623762
377 591 19.287128
738 723 25.297029
417 197 20.693069
116 774 11.811881
415 465 0.445545
753 949 25.821783
856 956 20.584158
715 801 28.158417
476 397 28.712872
611 738 29.267326
202 8 15.306931
277 403 12.722773
475 585 27.257425
601 998 26.841583
418 306 17.792080
367 174 17.346535
323 353 27.198019
477 967 2.405941
226 469 3.742574
964 446 29.742575
972 924 8.267326
727 779 29.405941
664 725 19.970297
15 736 3.009901
321 215 2.633663
495 109 24.594059
201 757 2.396039
520 260 28.089109
990 831 4.316832
788 525 13.584158
712 183 8.178218
491 43 8.712872
216 532 10.485148
304 497 19.861385
871 63 2.980198
981 399 21.623762
90 751 25.950495
702 131 6.554455
533 987 22.920792
411 70 12.425742
946 468 21.336634
989 191 3.633663
873 992 3.366337
370 458 17.811882
785 291 13.792079
537 797 26.108912
288 799 26.435644
771 353 11.980198
759 428 16.475248
181 845 28.019802
1 50 2.009901
192 319 6.722772
537 80 27.227722
347 409 23.495050
639 394 14.217822
788 603 2.009901
587 793 11.485148
941 425 0.702970
721 112 27.742575
567 332 22.603960
969 315 13.207921
289 244 9.069307
721 514 4.554455
130 9 10.168317
876 875 1.435644
480 231 26.990099
625 771 18.455446
403 304 1.801980
515 257 14.900990
847 672 5.009901
514 917 15.891089
758 163 23.217821
624 953 1.940594
633 281 29.772278
861 308 20.188118
92 974 2.643564
215 428 3.257426
872 822 18.465347
481 157 17.227722
153 566 14.702971
70 541 24.574257
585 838 20.178217
539 424 21.247524
172 83 12.000000
832 872 0.267327
806 242 0.277228
586 91 15.366337
409 918 27.029703
918 148 5.960396
484 245 11.237624
378 189 4.138614
216 647 13.554456
993 215 4.198020
76 407 10.643564
301 585 13.059406
895 975 12.881188
986 810 22.762377
257 212 15.504951
757 486 24.227722
3 241 18.168316
192 149 3.683168
840 480 10.990099
55 397 4.633663
815 204 0.900990
400 184 0.891089
727 347 24.782179
537 317 15.227723
101 873 5.485148
587 190 1.019802
828 777 17.732674
330 201 11.643564
810 3 21.663366
559 22 9.306931
764 385 10.158416
300 177 23.198019
647 270 17.376238
964 258 8.633663
837 585 13.683168
379 168 29.534653
509 861 17.831684
710 557 19.792080
66 446 25.237623
88 878 3.386139
825 366 18.425743
3 669 22.346535
625 724 12.544555
884 507 17.574257
469 531 0.188119
989 304 21.574257
851 665 15.940594
408 207 17.138615
206 78 13.188119
85 760 2.059406
451 354 18.396040
121 711 18.762377
845 369 4.059406
704 26 29.069307
235 295 4.673267
540 106 10.702971
557 649 19.504950
116 700 4.485148
195 814 5.960396
307 642 2.574257
13 262 2.326733
77 60 2.366337
446 860 24.554455
824 638 27.594059
471 300 20.138615
578 431 0.188119
579 904 28.623762
279 227 3.277228
94 311 3.930693
88 602 27.168316
703 329 16.376238
763 508 5.633663
975 160 1.643564
614 10 2.613861
914 564 26.118813
698 353 28.019802
954 387 15.544555
533 978 4.643564
845 37 12.455445
799 644 23.504950
128 558 24.188118
989 837 19.881187
149 546 28.029703
159 700 9.683168
723 679 22.594059
429 129 12.762376
816 509 5.217822
146 820 6.465346
183 58 19.663366
827 95 22.108912
737 220 0.712871
927 48 19.138615
473 991 4.079208
525 909 11.415842
204 442 23.099010
685 593 0.574257
546 442 4.049505
366 245 2.148515
777 581 28.148516
872 115 27.316832
92 799 26.811882
140 612 28.693069
131 414 22.920792
392 70 12.475247
186 533 14.306931
779 423 10.217822
221 95 12.544555
818 582 22.514851
752 568 0.415842
219 89 3.059406
18 789 9.613861
983 227 15.594059
749 944 9.554456
819 134 6.514852
704 202 16.168316
128 474 15.435643
223 783 2.762376
157 639 14.673267
725 862 27.653465
166 213 15.693069
956 437 16.574257
183 752 16.673267
480 560 19.475248
966 850 14.722773
168 533 13.821782
994 403 25.554455
778 404 6.148515
417 978 19.663366
279 371 23.910891
493 868 17.059406
282 584 12.069307
34 319 21.435644
594 388 29.514851
797 207 29.217821
330 494 4.346535
85 837 27.900990
489 660 7.069307
820 58 13.089108
191 613 9.801980
412 246 13.277227
996 46 26.594059
667 153 15.029703
56 444 9.851485
263 567 20.603960
109 9 9.485148
298 619 22.663366
958 223 16.891088
16 606 9.287128
982 758 0.178218
228 541 2.881188
626 818 3.099010
780 728 3.069307
576 673 5.118812
496 565 14.405941
505 253 29.990099
124 624 22.673267
347 433 2.366337
305 731 20.861385
63 849 9.168317
957 510 5.524753
775 936 12.653465
503 358 26.980198
529 447 25.594059
94 593 23.673267
699 354 6.108911
676 224 22.910891
109 745 26.316832
192 225 24.732674
41 721 15.574258
903 551 9.990099
191 609 21.247524
549 294 1.613861
997 111 26.118813
590 153 0.287129
296 42 3.396039
872 789 1.930693
618 307 18.544554
843 877 10.138614
916 753 16.000000
467 692 21.970297
428 940 15.267326
723 315 0.336634
834 545 25.891088
339 305 21.405941
734 510 2.613861
523 415 29.504950
182 700 6.089109
60 94 23.396040
813 32 13.623762
857 11 1.603960
149 894 8.524753
816 320 1.376238
361 295 22.811882
666 620 8.425742
177 886 27.544554
944 449 26.297029
645 884 28.920792
91 937 1.742574
124 185 13.821782
487 349 7.732673
381 980 23.465347
53 391 7.930693
701 526 22.742575
673 847 19.683168
559 211 14.722773
8 310 25.584158
244 931 11.188119
533 87 4.425743
718 655 15.435643
67 388 1.534653
399 978 29.029703
791 69 8.871287
669 328 17.039604
868 597 19.445545
79 884 7.495049
389 700 15.138614
673 460 11.871287
112 218 3.801980
120 419 29.970297
508 96 14.019802
839 260 18.861385
260 806 23.039604
589 110 12.257425
538 114 26.326733
774 792 12.346535
474 381 29.188118
286 330 27.504950
856 876 23.198019
627 604 16.683168
75 402 8.782178
336 619 5.900990
494 236 18.485149
604 644 23.138615
719 73 28.277227
863 722 24.910891
596 451 26.435644
278 921 29.762377
155 64 16.089109
111 671 4.168317
513 399 26.445545
132 987 8.772277
721 414 11.524753
365 101 27.910891
791 730 16.287128
865 896 10.455445
316 837 17.910891
589 603 25.118813
5 8 12.633663
677 622 15.574258
428 215 3.920792
415 883 21.693069
829 888 27.752476
282 739 2.138614
12 194 0.118812
909 721 5.000000
746 462 29.128714
701 800 26.049505
62 768 8.910892
36 243 16.594059
603 829 21.435644
486 280 16.564356
726 215 23.544554
465 872 16.524752
660 246 2.980198
381 763 26.871286
843 145 8.762376
995 196 19.435644
763 189 28.653465
358 835 23.841583
187 510 9.168317
467 965 11.079208
683 483 24.019802
907 534 15.168317
153 515 12.455445
916 509 17.821783
61 764 26.069307
610 469 10.772277
799 524 27.069307
634 344 28.900990
496 201 1.861386
461 660 9.851485
296 958 0.247525
830 631 0.792079
697 121 13.633663
559 623 24.554455
675 506 9.881188
145 584 13.079208
669 10 0.207921
365 200 25.841583
566 100 2.237624
227 835 10.831683
537 742 8.188119
168 332 17.851484
641 829 27.673267
264 831 24.980198
770 749 22.297029
707 81 14.049505
717 22 18.356436
917 115 5.198020
17 193 28.425743
205 768 7.198020
947 155 28.277227
632 191 25.683168
461 56 0.237624
645 971 10.079208
394 445 27.346535
827 595 19.455446
202 889 11.504951
317 205 16.227722
510 886 18.207920
630 485 19.287128
786 664 15.000000
977 380 5.594059
385 264 21.851484
709 142 3.069307
154 637 3.811881
101 902 19.623762
991 226 17.910891
548 267 14.564357
786 226 21.089109
271 907 9.732674
287 792 21.316832
667 329 19.712872
932 146 22.772278
426 777 28.178217
63 404 17.891088
317 426 12.881188
543 628 14.207921
811 31 8.891089
389 104 2.138614
296 687 8.039604
441 252 19.455446
770 604 20.346535
917 284 20.712872
46 702 6.475247
450 829 19.039604
229 463 24.415842
857 198 29.069307
888 276 13.158416
992 254 24.257425
31 18 6.237624
284 405 24.039604
240 80 17.019802
876 423 22.099010
931 49 29.792080
760 102 0.168317
575 571 11.376238
773 357 23.049505
401 38 8.762376
655 531 14.415842
673 413 1.089109
79 591 8.534654
159 563 29.386139
582 305 23.366337
984 316 27.584158
86 373 11.554456
9 584 23.168316
718 673 15.297029
757 970 17.831684
288 508 23.980198
701 39 21.564356
644 953 19.930693
559 151 8.554456
864 293 22.118813
532 959 22.653465
257 909 16.653465
842 619 8.821782
515 256 9.227723
837 667 1.297030
346 832 29.504950
385 652 12.455445
690 145 3.376238
841 70 26.306931
486 506 8.287128
445 876 17.059406
706 879 22.435644
677 672 25.891088
286 474 7.495049
953 347 21.623762
137 977 17.049505
789 247 9.504951
287 570 28.762377
709 538 10.346535
215 417 13.643564
91 512 2.019802
322 140 18.722773
346 26 0.990099
821 105 16.306931
168 700 6.980198
498 484 3.851485
745 614 3.544554
316 481 26.316832
206 38 19.079208
975 788 19.069307
487 24 19.732674
628 57 13.722773
654 797 17.712872
111 567 27.495050
811 622 5.326733
647 983 29.495050
613 482 23.831684
94 122 2.118812
484 401 12.079208
272 37 7.009901
296 592 9.534654
354 238 22.386139
151 559 9.316832
70 227 10.564357
693 67 19.287128
28 428 12.792079
510 935 8.108911
984 892 16.089109
385 164 4.148515
774 643 15.306931
366 448 1.861386
957 741 27.178217
868 662 21.297029
95 941 29.544554
515 980 23.910891
943 182 27.029703
231 383 12.752475
123 198 0.306931
639 460 1.653465
282 206 20.227722
731 224 16.405941
824 891 25.603960
487 264 15.871287
428 789 21.910891
760 736 9.910892
942 376 0.851485
678 396 25.554455
876 279 17.861385
336 147 9.891089
894 752 29.396040
119 131 23.376238
362 877 2.712871
627 932 19.792080
768 856 9.584158
504 227 12.653465
232 465 18.306931
980 646 24.980198
260 411 26.465347
759 650 7.524753
511 529 19.287128
994 43 1.415842
224 639 1.425743
156 60 2.158416
364 968 24.920792
943 9 9.257425
760 458 24.742575
759 553 24.069307
522 327 21.326733
524 329 1.148515
54 19 25.198019
449 604 25.029703
440 660 17.049505
501 79 12.534654
469 476 13.019802
830 642 10.405941
640 663 14.623762
194 917 26.504950
873 151 12.950495
202 997 20.495050
573 602 14.702971
178 422 24.960396
838 236 14.653465
917 923 17.821783
746 470 24.267326
740 733 29.237623
403 940 1.039604
320 260 2.336634
823 338 29.425743
820 939 3.118812
774 416 22.267326
196 947 16.158417
785 927 1.881188
60 699 12.188119
530 973 3.564356
615 68 0.950495
556 993 29.267326
168 911 8.930693
858 23 24.000000
149 8 5.821782
565 899 15.524753
512 364 19.653465
791 654 27.554455
843 487 11.960396
816 238 1.069307
236 734 23.564356
581 323 29.861385
493 315 20.237623
516 979 21.207920
877 467 1.386139
776 128 26.950495
140 563 21.257425
147 898 24.950495
634 667 8.326733
224 495 4.891089
959 558 24.574257
634 884 22.277227
949 118 13.386139
280 872 1.554455
100 484 14.881188
580 246 13.485148
495 574 3.970297
393 766 18.148516
60 397 13.584158
908 224 16.801981
466 218 2.683168
702 449 2.198020
172 613 14.613861
44 270 4.524753
528 795 25.940594
127 550 9.009901
53 81 0.594059
819 104 6.009901
568 627 21.485149
144 136 0.326733
363 869 3.594059
164 914 24.861385
129 592 3.990099
751 220 6.881188
898 480 10.405941
448 192 15.950495
529 484 20.475248
986 271 0.900990
965 803 27.841583
453 396 3.970297
674 249 25.495050
588 272 12.673267
181 645 2.118812
753 542 8.544555
585 483 19.168316
777 657 3.217822
261 605 19.831684
884 959 28.663366
687 131 17.851484
436 224 15.326733
37 110 24.881187
310 710 3.534653
307 827 29.168316
202 72 27.712872
37 69 3.702970
694 964 27.415842
652 307 19.188118
611 532 9.613861
94 95 4.702971
319 975 27.267326
429 308 1.980198
491 668 8.099010
318 264 26.138615
391 745 14.425742
812 979 11.178218
776 150 26.801981
83 98 17.237623
968 659 4.306931
415 104 17.584158
743 940 11.910892
403 861 19.920792
71 819 8.445544
687 439 20.158417
432 718 11.534654
763 848 8.099010
913 367 13.366337
363 580 16.217821
22 446 20.821783
478 274 25.851484
419 197 20.485149
632 439 4.376237
451 814 3.732673
242 681 20.782179
312 218 26.000000
512 498 2.782178
879 590 29.148516
812 458 13.861386
610 113 6.089109
884 385 14.138614
82 776 29.683168
873 910 4.346535
40 447 0.108911
73 56 10.732674
291 353 2.356436
141 786 19.415842
731 982 28.742575
541 444 12.821782
654 270 18.881187
391 470 6.900990
519 148 10.128713
429 598 9.158416
877 679 10.900990
285 916 23.792080
990 394 22.336634
776 185 3.732673
759 489 23.069307
203 376 18.049505
473 723 20.554455
943 32 21.405941
444 225 16.475248
394 853 27.554455
425 706 14.702971
341 599 25.980198
736 565 22.168316
921 174 14.950495
762 924 22.752476
138 109 14.742575
213 835 4.782178
245 567 0.277228
823 43 15.386139
28 687 5.445545
734 464 19.148516
685 118 12.267326
602 57 25.554455
776 339 1.356436
52 398 4.752475
161 919 18.841583
348 292 12.089108
915 843 19.059406
959 689 2.297030
998 979 1.950495
462 15 27.178217
932 124 0.207921
989 927 19.168316
681 466 2.059406
431 927 28.277227
350 150 0.891089
995 863 27.950495
190 790 10.009901
879 315 14.148515
210 662 11.168317
225 390 15.623762
701 851 10.891089
981 998 24.277227
447 98 17.950495
374 327 22.534653
876 607 15.118812
92 401 11.782178
882 894 1.633663
549 303 16.287128
212 23 26.792080
602 741 8.594059
805 273 10.841584
803 737 1.465347
254 191 6.029703
581 677 11.554456
540 947 8.445544
293 567 29.900990
540 534 29.326733
843 691 11.445544
867 727 8.574258
960 325 8.316832
234 852 7.861386
971 80 7.415842
514 290 11.831683
544 299 8.821782
491 682 26.673267
410 942 6.277228
944 646 6.930693
635 585 22.970297
714 73 24.207920
391 773 6.158416
243 427 1.435644
323 238 19.594059
965 853 26.237623
264 426 10.663366
947 580 24.069307
241 275 7.247525
240 967 17.643564
825 847 12.554456
898 922 22.603960
23 217 1.574257
802 472 16.732674
40 313 20.247524
246 125 12.257425
672 452 15.801980
253 323 11.089108
880 37 22.247524
847 161 20.504950
46 229 19.514851
320 284 16.396040
889 53 21.049505
713 565 26.128714
26 320 25.158417
504 751 25.554455
956 147 10.485148
632 807 17.445545
669 767 14.425742
831 968 7.712871
60 409 18.574257
697 27 26.970297
750 543 25.782179
668 82 22.514851
988 423 18.584158
91 156 19.267326
238 136 20.792080
398 140 3.821782
165 397 8.099010
133 238 26.534653
894 926 1.099010
921 660 5.673267
464 66 2.871287
898 10 9.930693
321 20 13.574258
829 408 19.712872
965 948 10.623762
457 796 2.089109
206 277 20.881187
444 427 14.910892
370 760 19.019802
30 153 22.722773
449 244 13.742575
811 789 27.465347
831 650 0.019802
239 203 2.227723
539 496 29.653465
336 380 18.435644
613 661 1.702970
392 108 8.198020
152 391 1.316832
305 217 0.940594
901 667 18.396040
690 934 5.118812
692 746 29.287128
896 584 5.168317
744 251 12.009901
124 235 10.623762
786 677 20.485149
246 326 21.029703
989 771 23.128714
558 586 13.544555
226 136 27.950495
160 783 10.564357
258 594 29.970297
842 236 26.752476
445 469 19.287128
681 242 19.524752
358 703 15.237624
36 777 27.297029
807 595 26.287128
746 213 1.227723
882 489 20.524752
18 666 7.910891
612 885 22.188118
200 149 17.712872
669 957 28.059406
264 862 22.861385
319 891 6.237624
449 410 25.554455
44 175 13.336634
610 929 2.247525
99 242 23.217821
117 133 4.643564
354 184 11.653465
504 846 14.861386
813 350 3.772277
675 651 6.069307
918 634 16.702971
328 975 27.485149
503 704 29.455446
785 241 1.405941
27 876 1.207921
513 98 12.485148
697 985 17.128714
895 189 15.108911
245 240 17.524752
897 313 0.653465
531 2 28.346535
858 659 25.861385
562 116 21.801981
804 618 26.811882
32 730 12.108911
482 293 13.881188
468 325 10.049505
657 64 8.465346
249 306 26.831684
915 362 3.227723
917 446 21.831684
576 800 28.891088
45 482 19.960396
15 20 9.702971
98 343 14.712872
743 46 13.871287
421 261 11.811881
485 878 20.207920
791 39 25.247524
154 797 0.712871
600 452 27.000000
400 342 16.475248
234 90 12.306931
255 400 29.603960
950 867 24.108912
996 718 12.702971
610 51 9.198020
488 205 15.049505
879 367 1.039604
676 779 0.356436
128 458 29.326733
822 703 10.633663
912 228 15.801980
313 798 6.643564
180 735 9.960396
898 771 9.188119
301 550 1.237624
506 750 13.138614
226 787 7.693069
5 615 11.752475
816 598 14.188119
519 532 22.514851
99 219 5.603961
249 492 29.099010
984 20 12.693069
755 498 16.772278
657 325 9.544555
407 762 2.821782
546 392 18.158417
162 549 20.792080
760 734 27.099010
644 48 4.089109
215 537 13.900990
707 938 8.841584
727 652 4.178218
226 546 9.693069
551 42 22.415842
666 487 8.554456
58 143 11.811881
959 673 18.910891
693 913 15.861386
94 616 17.663366
631 191 19.287128
569 216 7.881188
573 491 18.742575
119 750 18.841583
513 116 1.693069
0 140 14.198020
496 924 9.504951
521 254 26.633663
434 98 1.673267
51 702 10.148515
594 302 28.900990
810 118 4.871287
653 994 27.158417
403 597 4.118812
520 778 28.188118
12 862 18.910891
936 965 24.772278
542 125 3.940594
640 597 8.534654
694 762 4.316832
997 373 26.722773
467 967 29.653465
461 130 21.960396
410 218 23.475248
540 425 13.910892
403 497 17.000000
720 569 25.633663
197 490 21.643564
146 932 9.584158
260 160 21.000000
633 440 27.871286
600 17 20.831684
82 405 22.099010
300 447 21.732674
77 244 22.930693
574 561 13.029703
144 890 6.247525
986 508 27.752476
918 669 28.524752
78 470 27.217821
870 965 2.673267
888 810 15.099010
645 122 23.722773
92 599 12.673267
688 487 14.762376
249 916 15.148515
492 747 1.435644
352 3 29.712872
21 456 13.930693
491 55 8.287128
457 915 1.435644
267 761 7.108911
741 559 9.287128
692 439 29.930693
180 972 18.198019
96 935 17.980198
195 120 1.960396
198 801 25.762377
654 820 21.029703
62 757 13.029703
977 772 22.742575
90 362 3.722772
1 840 21.138615
793 316 22.752476
765 884 0.306931
700 492 22.386139
172 702 27.693069
325 404 23.801981
145 459 7.158416
902 887 23.257425
27 454 23.673267
741 183 26.742575
582 178 17.554455
250 267 19.851484
134 48 1.960396
978 361 24.306931
681 770 12.059406
437 374 26.633663
896 529 23.425743
135 339 2.009901
590 562 15.029703
125 115 3.910891
303 759 7.089109
922 404 3.861386
970 842 24.158417
683 397 11.841584
453 5 0.564356
828 138 6.613862
709 596 27.079208
48 199 23.009901
963 57 7.415842
78 294 18.722773
189 273 0.653465
593 833 20.019802
787 996 23.900990
537 644 28.287128
894 271 25.544554
32 579 29.049505
628 677 18.257425
180 23 0.326733
589 504 14.198020
884 576 23.534653
157 124 26.405941
342 976 24.722773
690 103 23.980198
335 200 10.495049
606 980 24.227722
538 566 17.237623
567 980 1.841584
590 456 1.445545
94 980 3.742574
22 819 8.099010
147 88 19.742575
475 195 15.772277
578 600 15.712872
130 792 13.742575
463 169 7.356436
29 792 12.782178
10 800 20.980198
466 789 0.356436
798 957 19.584158
617 715 10.425742
705 61 8.584158
253 564 29.069307
205 762 1.900990
997 650 12.297029
518 225 28.564356
662 406 0.574257
463 478 3.039604
252 116 9.891089
561 345 21.455446
277 20 21.930693
690 717 6.178218
255 914 0.613861
17 938 15.613861
19 892 15.168317
596 977 11.099010
2 525 11.970297
832 455 22.009901
949 394 11.742575
294 504 29.603960
314 59 3.683168
383 936 17.732674
297 870 1.495049
587 57 16.415842
480 801 2.544554
457 894 19.287128
335 153 14.000000
790 426 15.138614
536 515 13.673267
40 207 11.306931
452 461 26.297029
388 344 26.059406
610 918 3.524752
19 746 3.415842
820 296 27.653465
66 864 29.851484
219 29 7.247525
997 548 7.415842
864 251 17.732674
72 904 18.099010
885 202 15.623762
230 815 3.584158
148 163 2.495049
246 160 28.633663
542 745 23.277227
407 810 17.257425
436 685 21.673267
336 894 4.158416
939 246 16.732674
843 486 11.128713
398 766 18.297029
213 499 11.920792
728 971 11.049505
888 406 1.524752
634 507 1.089109
444 133 27.970297
481 472 10.118812
376 735 22.871286
974 995 21.366337
460 471 19.277227
226 20 13.594059
725 806 16.267326
49 822 22.039604
455 338 7.089109
314 100 19.168316
447 405 11.603960
272 469 14.247525
7 321 20.000000
354 509 6.297029
825 989 6.534654
197 664 24.475248
355 737 0.089109
529 375 12.613861
867 93 20.227722
320 699 7.227723
725 292 11.237624
547 33 5.168317
868 903 12.039604
730 502 4.683168
719 74 16.821783
735 107 13.930693
472 366 14.297029
199 702 16.851484
292 88 1.297030
991 928 0.504951
635 435 15.554456
668 38 0.079208
572 264 24.207920
426 850 22.138615
500 141 29.564356
607 258 7.099010
325 925 28.336634
28 947 19.544554
116 850 4.089109
396 621 19.059406
832 712 9.287128
222 881 0.732673
838 948 8.950495
40 884 8.297029
182 902 20.732674
792 639 8.465346
717 111 11.623762
16 407 14.653465
867 902 15.821782
840 689 6.693069
553 468 24.495050
786 234 4.811881
86 668 29.801981
323 27 20.188118
225 163 27.633663
865 448 7.653465
976 693 5.504951
384 263 21.138615
638 213 11.425742
328 279 21.990099
796 445 24.663366
30 444 5.009901
50 664 23.108912
429 75 28.841583
593 527 28.673267
393 512 23.495050
86 290 19.089109
701 786 15.118812
914 650 1.118812
545 733 26.841583
343 656 7.019802
787 485 10.940594
451 451 10.663366
879 504 15.148515
758 232 2.683168
270 186 8.356436
561 4 27.623762
699 503 25.108912
701 386 2.475248
786 908 19.861385
794 109 9.643564
279 107 26.306931
83 486 0.336634
939 916 7.198020
172 128 22.752476
358 284 28.970297
714 834 19.178217
570 823 0.198020
956 865 23.178217
216 821 9.544555
326 27 26.950495
785 576 10.059406
271 912 25.227722
540 700 5.554455
20 70 11.207921
304 847 9.544555
491 246 25.386139
666 206 17.831684
531 569 1.990099
704 633 24.643564
732 835 6.990099
308 183 17.366337
221 811 6.722772
273 874 17.049505
343 877 17.841583
542 403 27.445545
788 288 24.227722
994 591 7.128713
915 112 15.603960
548 941 23.455446
735 339 4.881188
919 415 0.861386
82 276 22.039604
957 409 25.732674
186 81 19.148516
589 126 9.376238
877 475 12.396040
468 315 16.039604
932 173 21.851484
226 562 22.990099
917 7 14.683168
333 185 8.198020
961 23 14.940594
370 82 0.138614
804 766 13.673267
930 145 23.752476
405 67 8.594059
72 778 24.930693
245 187 0.574257
159 159 27.534653
166 384 11.772277
351 345 4.613862
374 224 9.099010
456 538 3.277228
574 161 4.188119
72 970 29.693069
491 721 1.574257
621 349 21.049505
808 797 19.584158
968 530 14.108911
352 489 12.415842
697 366 5.059406
274 927 22.891088
164 450 29.297029
678 696 4.326733
0 745 27.148516
721 725 4.118812
422 813 6.306931
220 974 5.435644
102 379 23.336634
592 296 8.683168
958 27 6.158416
237 461 23.950495
688 270 4.009901
384 240 20.811882
129 432 28.019802
206 400 5.049505
372 507 6.178218
346 236 10.653465
77 774 4.732673
373 631 15.950495
400 193 11.732674
214 805 11.039604
836 42 8.633663
76 444 9.128713
860 524 16.712872
260 957 1.089109
768 111 23.821783
356 39 2.970297
130 188 16.792080
114 791 20.732674
659 338 27.198019
816 843 26.930693
859 585 28.475248
303 720 15.465346
180 238 23.574257
489 238 4.267327
600 797 23.009901
991 727 10.435643
531 4 1.980198
674 710 21.000000
12 789 17.495050
855 269 26.297029
793 315 28.366337
513 550 26.376238
103 861 12.465346
342 32 14.663366
491 168 8.019802
218 72 14.376238
574 333 0.059406
636 76 14.128713
426 933 13.881188
695 801 11.029703
363 486 2.297030
913 382 26.306931
774 934 16.534653
158 17 6.683168
327 238 26.524752
751 762 25.544554
84 278 6.722772
160 678 18.168316
445 400 4.970297
247 486 9.980198
85 780 15.792079
820 867 5.227723
106 819 25.079208
123 875 7.594059
713 624 4.039604
476 865 21.752476
106 676 11.168317
784 413 4.287129
536 435 23.415842
375 235 10.405941
155 731 22.871286
23 941 29.178217
194 65 25.712872
69 962 11.930693
46 722 1.178218
263 809 2.792079
939 648 16.831684
352 923 27.693069
140 358 20.821783
375 239 24.455446
106 719 6.603961
48 637 28.237623
465 726 27.000000
427 922 5.089109
502 593 27.851484
311 625 18.821783
311 838 2.217822
234 157 0.425743
593 612 2.950495
184 604 14.752475
256 971 0.148515
893 846 6.277228
971 743 8.356436
245 539 1.475248
838 53 8.891089
816 964 4.653465
654 491 26.178217
163 604 8.960396
775 774 2.970297
380 84 17.277227
351 122 16.623762
197 266 9.554456
293 162 25.247524
832 171 15.089108
237 311 5.336634
554 602 12.851485
45 908 11.742575
1 173 3.188119
128 25 0.544554
564 470 25.960396
686 100 28.237623
304 337 15.306931
466 468 15.396040
989 922 11.188119
301 973 7.772277
255 863 18.653465
163 569 17.009901
688 281 6.386138
714 508 17.217821
184 863 8.108911
636 245 8.148515
974 683 3.168317
794 671 0.752475
68 951 7.950495
393 768 13.207921
257 823 24.108912
178 783 2.297030
812 141 18.287128
320 500 21.049505
183 339 29.207920
781 94 15.702971
816 184 27.178217
487 931 27.514851
791 496 28.960396
559 50 0.940594
382 258 8.792079
166 72 21.039604
307 50 5.089109
159 68 24.118813
850 800 4.336634
944 716 1.722772
481 973 0.168317
764 852 14.980198
612 229 17.237623
662 674 3.782178
272 513 12.386139
345 608 17.386139
747 234 5.782178
815 672 29.633663
615 431 16.158417
683 77 4.792079
657 504 2.356436
861 747 29.019802
91 830 24.207920
117 704 12.861386
630 138 21.207920
591 954 16.000000
177 640 13.891089
850 633 3.168317
633 137 20.544554
710 491 6.554455
566 141 6.910891
665 625 18.782179
496 872 25.346535
200 732 25.574257
690 606 20.405941
996 752 4.287129
636 596 12.613861
269 186 7.465346
406 944 11.623762
249 668 16.425743
743 428 22.267326
368 845 0.643564
592 828 26.534653
324 901 12.851485
930 92 23.376238
683 618 26.148516
631 734 24.237623
817 28 23.405941
113 172 8.970297
134 653 27.069307
562 492 8.178218
760 249 0.306931
588 672 2.485148
489 942 24.584158
934 413 19.485149
904 927 24.039604
638 437 9.930693
667 583 5.386138
191 351 29.247524
845 526 27.712872
689 654 7.356436
291 525 20.752476
963 116 12.336634
257 299 23.128714
23 807 3.039604
950 598 2.485148
739 71 27.079208
322 528 15.108911
26 154 2.702970
552 893 18.475248
206 767 17.534653
731 203 9.138614
847 751 8.257425
498 239 12.762376
306 216 5.504951
256 480 25.534653
679 647 24.663366
207 453 12.792079
361 278 13.336634
255 295 20.920792
374 508 18.287128
929 411 27.950495
680 605 21.544554
271 466 15.891089
487 233 5.574257
319 374 25.752476
967 818 10.465346
772 352 15.316832
51 209 15.683168
698 92 12.158416
206 879 16.782179
618 224 6.920792
575 652 18.990099
42 927 20.990099
627 701 6.049505
353 484 22.871286
523 172 13.960396
876 539 7.712871
85 465 3.574257
530 105 5.584158
761 0 16.554455
338 269 9.693069
990 467 9.792079
918 49 25.108912
971 550 8.415842
455 891 25.217821
979 903 28.049505
870 882 25.900990
688 633 17.247524
793 788 1.089109
146 992 28.336634
767 51 11.613861
235 432 10.207921
636 389 1.326733
187 739 29.524752
430 69 27.376238
333 752 4.970297
215 310 2.792079
200 745 7.465346
340 617 19.029703
333 19 20.970297
736 534 14.396040
169 388 21.891088
910 232 2.455446
1 346 7.079208
70 431 27.465347
174 675 10.831683
485 547 2.465347
582 994 8.752475
199 776 20.257425
218 704 11.257425
104 130 29.623762
492 972 25.049505
76 752 21.673267
422 817 1.594059
205 421 1.910891
881 807 19.158417
780 526 5.742574
774 812 18.881187
551 299 15.831683
607 478 29.009901
738 342 25.425743
62 942 19.346535
814 64 19.673267
984 95 29.039604
757 480 16.990099
565 936 12.207921
443 918 18.356436
256 385 9.554456
907 786 8.920792
737 386 19.841583
79 556 3.287129
21 830 4.970297
437 949 1.128713
885 793 25.544554
365 411 9.643564
653 586 26.554455
571 291 12.762376
308 128 15.069307
446 739 27.900990
184 254 12.841584
92 728 25.485149
923 940 21.118813
224 566 10.465346
17 6 0.851485
780 431 8.227723
367 965 5.831683
10 64 27.148516
490 606 19.267326
229 757 1.049505
835 166 4.009901
915 961 11.475247
855 186 20.217821
773 785 19.574257
780 822 29.217821
563 743 3.871287
528 734 6.168317
592 379 18.336634
550 595 14.396040
659 823 3.900990
826 498 11.445544
787 710 11.198020
325 14 7.792079
111 241 6.178218
933 44 7.504951
28 865 7.306931
763 171 16.564356
494 843 0.504951
89 878 3.217822
264 402 9.772277
115 860 18.089109
177 802 12.326733
191 11 2.316832
784 75 24.841583
828 265 1.702970
46 235 22.425743
217 768 22.237623
412 829 21.297029
642 186 2.425743
397 94 0.554455
257 13 2.396039
59 758 26.306931
422 642 25.089109
498 203 18.960396
115 876 28.821783
351 833 22.574257
119 819 5.405941
301 272 29.158417
487 867 22.168316
933 255 13.188119
946 908 21.772278
704 675 29.366337
698 972 2.851485
254 459 10.000000
130 731 12.673267
963 831 18.376238
135 329 20.069307
407 396 19.980198
627 875 2.960396
882 997 17.891088
790 868 0.198020
818 997 27.990099
790 185 9.237624
249 147 6.277228
332 960 13.940594
515 888 19.603960
196 815 15.693069
592 565 24.455446
820 265 8.514852
817 452 14.623762
38 924 14.663366
35 343 25.386139
220 819 13.089108
719 993 4.198020
679 773 17.673267
567 683 22.356436
734 908 26.465347
300 621 21.089109
565 741 5.366337
369 840 2.811881
293 173 25.287128
989 297 20.217821
808 591 2.643564
801 675 21.079208
926 361 11.188119
609 379 0.000000
869 264 22.861385
490 994 24.198019
583 669 25.306931
775 163 13.495049
949 827 6.653465
598 881 6.306931
190 618 10.455445
865 279 14.000000
578 660 8.881188
957 720 9.039604
222 51 4.079208
568 765 11.029703
237 483 23.009901
753 766 5.544554
932 770 17.574257
814 68 15.108911
784 706 7.871287
64 801 24.603960
724 400 25.168316
796 574 11.594059
847 708 21.881187
965 712 22.514851
448 559 4.584158
567 341 4.772277
337 898 25.910891
757 405 17.623762
464 510 15.782178
617 157 8.693069
17 669 3.108911
943 112 8.891089
652 513 13.029703
716 487 22.732674
627 30 2.188119
320 515 8.029703
219 752 8.099010
624 922 10.376238
486 258 5.495049
643 27 19.594059
664 211 22.336634
777 472 8.277227
290 528 0.782178
777 136 5.277228
160 357 2.792079
675 731 1.990099
427 671 8.435643
350 949 25.356436
960 985 23.534653
987 836 25.178217
551 305 10.554456
375 791 20.495050
255 220 22.267326
392 6 6.425743
101 508 26.821783
832 989 12.366337
856 791 13.504951
805 164 11.811881
142 161 9.257425
331 644 7.287129
636 122 0.247525
427 265 5.603961
999 184 19.237623
357 746 22.861385
865 85 24.861385
207 584 13.089108
998 110 11.257425
515 415 27.455446
676 71 27.722773
673 39 17.574257
795 994 16.594059
412 853 2.792079
949 86 0.108911
695 927 9.326733
780 808 5.742574
716 143 7.792079
178 310 1.821782
593 685 11.930693
16 865 3.465347
407 892 15.623762
754 898 27.930693
607 892 22.267326
45 665 19.118813
973 438 26.435644
781 920 20.643564
276 619 14.227723
938 174 3.891089
623 431 20.128714
841 203 29.099010
733 651 25.712872
632 773 17.277227
876 42 19.693069
542 723 24.237623
332 706 4.485148
604 31 14.633663
223 841 3.881188
749 14 0.970297
532 70 2.841584
735 719 6.930693
387 88 12.306931
160 865 5.217822
554 44 3.574257
277 534 10.168317
335 718 26.445545
367 226 1.732673
208 220 1.772277
574 139 5.693069
996 996 29.643564
67 828 12.564357
156 854 16.574257
21 261 12.980198
418 4 15.376238
952 623 0.366337
22 785 2.742574
601 630 18.930693
821 432 9.594059
960 457 20.287128
308 583 24.910891
489 242 13.584158
343 637 1.089109
956 770 13.128713
312 64 8.306931
935 911 20.663366
72 388 0.099010
55 201 12.415842
487 732 10.940594
944 824 15.217822
879 490 11.871287
474 152 18.099010
111 882 27.811882
233 120 7.663366
297 380 22.871286
561 409 18.336634
949 391 19.891088
502 396 8.336634
235 1 1.059406
411 780 29.841583
901 520 26.039604
53 920 4.960396
288 809 23.514851
760 393 23.940594
492 285 19.227722
254 489 24.742575
645 628 12.198020
41 840 27.346535
395 107 16.099010
175 213 2.405941
47 615 22.217821
319 897 10.445544
128 652 26.346535
873 871 11.000000
510 323 7.534654
999 424 25.603960
980 87 10.198020
820 51 7.079208
280 517 14.346535
845 923 12.930693
461 387 18.049505
358 753 11.594059
10 876 12.970297
233 287 20.009901
908 810 10.356436
333 826 22.564356
772 448 14.950495
823 716 7.425743
692 25 23.990099
615 81 5.693069
355 664 12.376238
460 647 11.415842
336 950 22.108912
975 733 7.980198
785 389 22.960396
964 908 11.960396
764 131 15.376238
480 981 29.752476
505 4 23.762377
938 11 13.504951
955 512 15.742575
602 177 9.673267
552 201 4.425743
285 587 12.009901
27 206 29.089109
287 86 18.861385
418 299 6.940594
752 636 3.524752
108 796 1.346535
120 1 0.435644
984 173 28.039604
161 700 13.554456
362 39 27.247524
949 362 9.069307
508 12 9.049505
594 447 23.198019
894 199 14.079208
530 67 26.663366
679 63 8.366337
32 269 28.841583
557 414 3.792079
609 513 21.257425
648 567 18.326733
10 174 15.772277
374 770 22.920792
821 745 17.059406
372 7 11.475247
439 40 5.891089
855 177 0.059406
124 71 4.722772
538 436 2.069307
404 786 24.831684
971 297 21.356436
497 522 11.732674
267 697 23.633663
364 732 26.148516
724 362 23.801981
764 589 23.554455
942 995 13.247525
365 784 11.237624
801 605 2.297030
587 983 0.118812
236 970 18.277227
759 957 9.683168
808 954 29.059406
893 677 11.138614
255 222 9.099010
196 491 8.366337
192 551 18.613861
328 819 5.188119
934 211 11.277227
917 845 12.000000
240 532 12.970297
197 190 19.485149
504 697 16.009901
533 472 26.792080
107 964 24.544554
598 179 20.752476
502 511 21.306931
673 137 11.940594
236 776 27.376238
81 921 11.000000
613 653 16.316832
155 621 6.019802
205 349 21.841583
29 237 28.732674
993 18 7.178218
525 406 26.663366
388 990 20.722773
526 767 18.287128
654 224 0.594059
927 615 15.603960
580 275 19.108912
202 824 13.712872
551 922 9.118812
140 876 5.702971
158 11 14.603960
916 606 0.603960
906 800 2.059406
25 199 23.247524
249 920 9.366337
216 228 17.356436
844 970 29.207920
668 326 13.574258
942 189 19.930693
170 257 19.960396
181 354 26.118813
140 445 2.950495
940 765 16.871286
139 826 14.851485
411 412 24.514851
992 5 28.881187
962 878 8.970297
640 979 11.089108
829 634 26.930693
86 840 18.336634
441 538 15.366337
238 98 25.198019
356 222 14.504951
182 252 19.673267
946 660 29.000000
952 670 13.069307
830 896 4.495049
161 966 6.722772
795 56 3.455446
987 440 19.495050
877 994 1.851485
975 729 9.485148
197 957 29.990099
801 124 19.752476
462 783 17.693069
132 206 4.504951
380 972 26.227722
346 701 7.732673
754 71 22.594059
194 622 16.405941
188 259 24.792080
269 338 13.871287
226 359 2.257426
703 384 5.495049
486 943 9.772277
44 448 25.257425
17 258 20.841583
718 249 5.495049
141 754 20.306931
763 53 17.871286
23 988 2.188119
713 151 2.960396
72 290 16.712872
808 977 13.633663
751 114 27.722773
551 417 13.643564
161 852 14.485148
411 667 6.059406
517 180 23.762377
570 447 28.059406
910 908 7.099010
62 909 24.079208
704 180 28.485149
33 677 4.643564
500 229 19.297029
917 267 28.811882
122 702 24.693069
141 154 1.831683
322 677 13.643564
121 341 22.722773
382 120 1.148515
643 923 19.366337
823 790 16.930693
852 82 26.099010
81 181 22.376238
701 384 1.188119
403 138 17.792080
910 53 4.366337
587 732 25.079208
928 927 11.554456
48 693 27.326733
323 722 28.930693
114 812 20.653465
548 959 4.861386
729 139 9.544555
113 171 3.732673
251 120 15.425742
657 192 0.435644
389 405 9.148515
668 292 21.000000
714 652 19.712872
436 747 12.386139
600 485 23.118813
559 46 6.049505
50 460 25.831684
221 660 11.762376
342 208 24.000000
886 512 11.554456
291 78 6.277228
935 879 7.475247
939 312 7.881188
38 794 22.970297
523 599 13.445544
570 222 10.574258
382 41 26.138615
42 941 22.495050
251 307 0.851485
115 925 24.653465
194 199 8.277227
425 567 6.801980
738 603 3.108911
532 353 8.861386
483 243 23.009901
705 733 21.851484
98 135 10.267326
391 588 13.465346
699 614 5.168317
624 686 16.485149
175 292 17.851484
742 541 2.742574
697 725 9.148515
402 200 25.465347
645 714 19.742575
731 104 16.425743
866 711 5.900990
454 53 14.000000
420 438 23.821783
106 425 15.019802
750 528 27.831684
291 177 25.524752
368 252 29.930693
569 64 18.910891
635 761 1.118812
91 940 5.643564
155 177 13.079208
208 863 5.227723
998 941 20.237623
424 718 28.980198
952 471 26.089109
130 400 19.861385
382 423 18.405941
798 495 9.188119
559 970 16.722773
852 91 4.019802
381 294 22.950495
244 364 9.435643
186 889 22.603960
256 538 7.643564
728 293 12.356436
480 151 8.930693
255 301 0.118812
750 819 26.396040
721 610 23.237623
164 36 24.712872
810 554 18.594059
175 579 10.782178
416 165 0.950495
954 397 12.910892
599 757 1.683168
751 69 26.435644
52 864 7.029703
223 392 19.059406
833 719 7.108911
221 606 2.287129
128 696 25.910891
707 168 1.059406
872 884 24.297029
621 490 10.198020
378 0 19.069307
800 591 17.009901
664 13 8.207921
408 691 12.405941
128 119 8.792079
86 620 14.089108
782 989 2.316832
302 816 12.099010
538 171 22.871286
28 293 28.554455
29 722 6.811881
972 750 14.316832
337 881 17.009901
28 64 29.346535
499 174 3.396039
471 117 22.386139
460 281 6.702971
277 574 20.603960
800 926 0.554455
445 502 21.821783
519 700 23.000000
269 629 5.762376
502 357 27.881187
566 102 20.722773
92 255 4.693069
209 888 1.217822
491 607 28.267326
417 460 7.396039
343 616 28.356436
845 311 12.435643
898 34 29.841583
527 138 9.633663
884 566 28.841583
338 331 22.643564
945 125 16.475248
833 771 21.762377
792 888 5.623763
253 465 16.029703
221 672 20.752476
532 30 28.326733
918 834 7.306931
408 158 24.514851
974 103 19.930693
306 550 26.237623
783 916 27.108912
554 375 11.623762
442 43 17.811882
260 554 22.396040
932 482 17.297029
962 105 17.405941
797 573 0.227723
307 292 3.079208
410 537 3.069307
312 667 13.722773
229 136 10.118812
956 902 28.277227
999 853 25.069307
905 245 28.782179
387 594 16.801981
492 165 18.821783
417 268 1.613861
709 641 26.356436
247 423 27.019802
266 180 3.772277
754 594 9.267326
656 440 14.306931
510 545 27.653465
107 92 23.603960
54 251 3.851485
219 342 20.475248
487 395 26.138615
128 950 15.138614
904 811 26.346535
84 435 5.346535
678 371 8.376238
471 888 18.227722
16 361 2.168317
460 185 8.029703
711 266 28.207920
53 734 21.316832
800 46 20.435644
750 775 24.465347
562 918 23.475248
349 308 20.544554
720 317 29.396040
960 728 1.485149
321 499 9.415842
858 781 19.594059
124 522 15.138614
858 317 28.514851
904 331 18.544554
31 184 2.504951
950 165 22.435644
258 403 15.346535
575 724 0.683168
655 724 17.712872
507 547 7.732673
288 386 11.405941
162 685 9.326733
831 695 4.019802
514 110 17.287128
698 974 29.603960
215 292 27.435644
618 172 7.138614
695 401 19.722773
419 702 13.554456
967 963 6.881188
353 897 18.851484
391 689 26.178217
438 605 12.732674
549 731 16.821783
875 113 27.554455
167 526 10.722773
339 890 4.138614
92 512 29.693069
794 413 12.435643
109 970 12.524753
6 34 26.376238
695 738 12.257425
652 956 2.287129
735 5 23.653465
200 568 20.574257
726 533 26.881187
968 714 19.346535
480 865 27.653465
246 711 9.475247
216 976 11.198020
251 561 11.881188
341 851 8.594059
298 884 25.000000
303 3 20.782179
224 24 27.564356
757 919 1.940594
823 334 15.693069
688 439 1.613861
399 637 25.108912
728 980 9.722773
641 433 23.663366
492 891 24.465347
376 397 25.297029
731 906 7.554455
755 503 19.386139
27 299 12.693069
713 526 29.524752
152 370 14.009901
141 46 11.524753
122 320 20.148516
555 810 6.762376
798 904 13.405941
195 339 22.336634
454 72 7.168317
957 460 5.900990
608 425 10.425742
135 499 1.980198
857 44 15.574258
903 630 4.534654
223 616 22.663366
385 329 22.504950
289 684 15.940594
628 882 11.574258
52 809 20.059406
865 467 16.534653
290 880 29.891088
789 673 2.079208
185 178 8.782178
816 836 21.623762
432 988 21.376238
761 613 17.762377
797 146 4.445545
32 125 21.574257
841 3 20.089109
308 984 21.900990
540 625 2.049505
565 875 18.900990
744 612 11.980198
932 558 25.297029
272 407 26.049505
886 831 20.049505
32 993 28.405941
509 92 4.514852
864 171 2.059406
200 655 13.871287
826 4 0.188119
53 643 18.435644
18 423 24.920792
576 741 6.564356
984 522 12.237624
167 440 21.584158
160 119 25.801981
604 947 27.821783
128 808 9.217822
783 509 20.059406
788 871 2.534653
783 773 2.217822
559 592 5.524753
300 156 6.891089
174 4 27.940594
614 124 15.722773
733 483 18.000000
33 225 23.544554
841 477 25.277227
350 945 28.940594
221 613 25.108912
346 108 2.831683
291 8 11.009901
447 574 15.950495
803 68 28.623762
927 899 0.742574
410 897 12.376238
988 407 17.574257
465 522 20.871286
762 765 25.653465
375 144 14.475247
835 662 4.504951
843 964 14.198020
769 825 8.465346
190 986 9.544555
89 674 29.673267
338 976 0.435644
745 363 8.980198
620 784 23.118813
385 45 7.742574
881 657 28.574257
544 195 28.148516
508 79 8.702971
686 254 7.069307
24 580 0.158416
698 357 15.900990
26 413 25.693069
390 232 18.861385
174 39 17.623762
219 663 19.920792
229 49 7.702971
776 163 8.722773
855 464 24.504950
461 960 7.386138
41 226 17.643564
750 682 25.227722
163 579 15.237624
396 814 15.693069
435 147 15.514852
99 99 19.910891
500 789 25.871286
15 361 17.861385
831 828 16.059406
792 156 3.336634
18 170 5.148515
53 209 15.376238
984 298 3.693069
799 413 16.198019
298 623 3.207921
749 6 17.841583
891 609 23.495050
604 145 18.742575
432 457 3.079208
941 976 29.524752
111 308 0.831683
320 681 22.821783
618 804 21.386139
384 443 22.217821
7 829 29.851484
13 651 1.910891
975 276 19.653465
472 402 15.108911
282 543 28.336634
610 515 8.178218
919 632 7.693069
952 119 0.188119
109 659 10.881188
904 183 10.693069
733 859 29.643564
737 184 24.584158
13 611 15.425742
415 929 13.712872
958 851 7.306931
826 558 13.584158
458 205 20.217821
577 964 3.693069
588 396 23.722773
771 446 9.653465
982 232 9.019802
519 25 23.702971
130 535 12.881188
412 21 15.712872
263 331 5.267327
821 923 15.970297
379 477 1.673267
343 951 24.544554
739 729 17.405941
537 616 1.643564
769 407 15.138614
146 283 12.099010
682 897 11.415842
55 524 17.079208
738 918 29.871286
661 271 18.128714
490 802 5.683168
793 143 14.584158
522 61 0.683168
490 567 4.851485
897 197 7.801980
533 161 10.485148
430 644 21.841583
954 961 28.613861
872 339 14.524753
496 332 16.881187
650 146 4.930693
794 340 14.554456
207 581 3.801980
775 561 27.702971
324 431 5.930693
837 71 23.148516
481 209 13.079208
442 381 19.930693
133 608 28.089109
465 925 29.821783
612 903 25.425743
304 75 3.564356
237 689 17.465347
798 530 25.861385
230 509 0.386139
301 89 16.188118
862 203 25.366337
243 746 25.000000
851 596 2.168317
776 318 16.762377
31 888 28.217821
106 460 26.574257
148 827 12.079208
678 401 15.415842
539 750 11.445544
980 127 9.287128
183 989 3.772277
282 36 2.405941
230 525 19.465347
548 500 9.475247
788 941 20.643564
248 697 27.900990
75 758 15.801980
828 55 3.821782
578 503 4.000000
57 181 9.257425
398 512 27.089109
434 705 11.891089
312 141 27.950495
164 780 14.683168
457 547 1.910891
155 697 0.722772
913 306 14.693069
320 62 16.940594
824 849 19.009901
5 174 6.930693
518 480 26.910891
575 322 29.960396
717 797 26.762377
849 503 3.811881
749 108 9.198020
446 502 11.158416
752 496 6.257426
815 269 22.247524
664 519 28.881187
190 700 23.277227
671 938 0.386139
345 926 22.643564
142 349 19.445545
997 84 8.940594
106 336 16.267326
608 693 3.386139
456 557 13.861386
725 334 17.851484
597 431 20.495050
297 705 25.801981
587 984 13.029703
865 133 24.940594
567 857 27.762377
651 651 20.782179
339 646 18.673267
384 38 24.693069
941 228 23.900990
627 523 16.653465
59 633 19.900990
116 111 22.643564
100 428 17.485149
585 119 1.336634
442 804 4.158416
445 335 8.386139
91 863 17.831684
481 850 27.346535
62 444 2.445544
585 847 25.029703
571 327 13.029703
34 404 25.316832
814 482 10.841584
934 147 14.326733
90 29 14.079208
425 479 15.207921
640 580 11.009901
490 372 19.059406
935 901 12.762376
134 20 20.306931
813 118 0.871287
569 275 19.297029
51 252 28.376238
198 329 9.801980
579 991 4.198020
58 799 24.990099
990 701 18.623762
363 399 19.445545
264 578 6.475247
636 171 4.960396
754 349 1.554455
381 451 0.495050
633 587 10.089108
314 537 17.821783
305 422 10.693069
105 748 22.871286
158 852 4.059406
909 596 16.445545
839 182 13.029703
10 56 26.257425
360 63 21.178217
163 884 12.128713
750 273 24.445545
287 66 8.950495
61 408 9.990099
162 978 27.287128
14 311 16.069307
962 282 3.009901
144 968 7.158416
200 270 12.623762
616 561 8.366337
500 607 26.603960
125 738 26.633663
543 502 22.495050
952 933 8.336634
282 670 18.346535
593 215 4.524753
227 919 29.831684
195 885 23.712872
466 690 23.980198
379 857 5.584158
986 737 0.099010
76 427 23.683168
579 220 26.435644
864 652 26.168316
534 497 4.920792
102 857 15.564357
21 230 2.148515
258 918 11.138614
300 102 25.544554
158 486 27.306931
895 487 7.603961
674 691 24.217821
246 21 11.613861
250 247 24.396040
100 776 12.554456
957 588 19.059406
539 346 29.970297
809 331 3.960396
911 863 8.207921
398 862 10.980198
237 240 6.326733
928 308 20.851484
302 101 6.861386
549 177 1.178218
325 766 27.821783
266 241 16.455446
612 818 15.950495
295 768 26.138615
158 329 27.742575
20 191 13.396040
612 210 20.029703
273 477 2.079208
726 770 14.564357
904 661 8.247525
670 803 10.633663
263 45 26.643564
433 596 11.851485
553 39 14.069307
883 291 14.435643
74 454 22.841583
636 368 7.910891
465 870 7.267327
587 301 15.118812
249 386 28.742575
52 372 12.544555
450 36 24.742575
46 965 24.396040
437 507 11.475247
728 47 4.287129
535 394 12.356436
903 114 16.673267
125 798 23.564356
779 107 9.564357
517 790 11.514852
890 730 16.277227
926 691 6.009901
891 916 14.148515
750 277 9.653465
798 840 5.673267
544 638 29.930693
10 214 20.178217
808 75 12.108911
267 753 7.811881
58 666 7.504951
140 533 20.762377
831 100 26.900990
99 821 9.554456
377 236 10.584158
569 441 14.049505
560 727 5.732673
774 195 22.811882
849 919 28.851484
602 120 1.138614
621 100 14.772277
154 597 24.178217
606 337 11.900990
779 2 4.019802
15 911 24.920792
809 923 10.435643
536 84 26.178217
83 790 24.495050
354 155 7.722772
474 32 28.118813
926 176 22.217821
524 731 1.554455
861 73 12.405941
215 951 16.445545
127 929 27.821783
402 283 11.861386
486 559 19.891088
277 395 21.851484
784 6 7.920792
168 818 5.891089
344 232 9.217822
75 972 25.425743
501 865 15.267326
452 69 6.980198
381 699 24.455446
17 49 3.950495
928 208 5.178218
324 255 18.217821
682 386 22.861385
500 223 2.306931
84 886 4.683168
56 124 13.435643
274 238 9.752475
343 213 5.524753
394 756 19.108912
444 777 16.772278
652 201 8.940594
260 463 21.792080
998 2 21.158417
221 677 29.099010
107 520 29.396040
584 59 29.940594
822 674 17.940594
388 142 20.158417
496 415 24.366337
625 421 12.732674
826 444 28.435644
289 395 0.039604
643 375 26.396040
320 684 24.099010
192 846 0.366337
252 92 24.425743
278 394 1.693069
773 323 8.762376
188 594 22.623762
961 612 7.732673
405 74 29.376238
152 541 2.722772
527 619 6.009901
564 344 2.079208
410 641 24.584158
502 398 2.524752
896 91 10.683168
571 607 13.148515
166 862 1.099010
130 966 9.316832
557 695 24.574257
450 250 25.811882
69 799 6.148515
765 992 15.435643
407 505 24.089109
157 562 1.514851
249 872 8.980198
856 812 3.099010
70 173 21.039604
36 74 27.158417
731 936 19.851484
334 555 27.564356
133 326 20.336634
125 977 25.900990
982 192 22.683168
897 817 11.069307
121 944 1.148515
933 320 10.267326
106 267 15.871287
532 380 11.910892
468 327 21.801981
375 832 14.900990
701 138 23.950495
31 514 26.287128
223 8 8.316832
41 556 11.633663
985 614 23.089109
305 921 9.039604
924 436 12.633663
656 22 20.633663
984 644 26.693069
168 349 11.049505
306 741 29.514851
173 266 13.900990
181 268 9.653465
89 605 26.524752
56 487 7.346535
329 842 5.435644
766 130 9.574258
140 524 26.445545
784 802 8.891089
485 548 6.752475
578 21 3.267327
844 196 4.435644
465 753 20.504950
70 182 15.485148
910 356 14.792079
104 516 20.891088
235 333 14.049505
759 74 25.811882
914 472 8.089108
462 206 12.683168
836 108 25.831684
32 317 25.811882
137 50 24.594059
672 965 16.148516
28 969 12.108911
544 381 21.237623
877 770 22.574257
304 278 14.405941
776 277 3.029703
335 61 15.148515
443 330 17.475248
112 529 9.514852
163 925 20.841583
480 138 1.108911
449 422 8.178218
182 967 18.069307
304 969 21.871286
582 854 14.841584
212 203 7.752475
273 113 25.158417
603 190 13.821782
484 103 22.673267
762 400 11.801980
900 483 17.396040
322 589 9.277227
642 76 17.900990
611 756 4.158416
818 17 27.772278
21 230 24.544554
486 571 2.584158
677 248 20.237623
780 720 29.000000
181 952 24.693069
16 700 3.227723
957 927 10.752475
386 956 15.059406
142 518 7.376237
511 33 10.277227
741 483 8.178218
664 496 19.772278
912 431 1.544554
632 320 29.633663
937 46 10.544555
637 534 25.128714
916 923 0.158416
224 634 3.821782
743 691 24.178217
776 359 23.108912
611 846 16.782179
108 705 12.950495
891 51 21.108912
211 426 10.762376
610 934 4.564356
144 622 14.336634
67 31 13.138614
53 397 24.594059
744 149 7.920792
104 395 25.970297
302 152 17.841583
7 650 8.069307
411 164 13.594059
837 591 11.643564
123 355 29.900990
98 703 18.712872
129 393 26.970297
526 999 6.772277
675 829 3.158416
422 755 7.861386
574 457 2.475248
576 474 9.524753
740 600 4.445545
684 616 20.118813
39 196 10.514852
94 386 1.831683
839 73 4.881188
838 179 19.821783
668 338 6.138614
775 242 2.346535
584 954 17.217821
58 616 23.198019
658 638 18.900990
275 70 11.108911
823 44 10.574258
210 790 21.871286
635 985 29.336634
814 310 3.118812
504 160 26.465347
99 38 18.643564
53 337 5.623763
670 563 20.910891
660 364 28.247524
82 906 25.554455
127 836 25.821783
269 805 13.287128
254 221 22.316832
916 476 19.891088
77 569 14.108911
467 35 22.465347
156 923 8.495049
719 748 4.673267
436 631 6.178218
694 172 3.128713
531 693 29.980198
336 685 8.584158
909 239 15.108911
385 428 25.772278
307 135 0.386139
342 994 20.772278
617 953 13.613861
365 317 27.465347
348 703 9.851485
873 749 25.356436
566 877 10.752475
603 485 6.603961
842 713 20.445545
622 196 21.633663
757 948 28.930693
751 128 8.821782
56 424 24.287128
725 580 7.950495
428 455 25.049505
177 767 13.851485
55 773 1.227723
892 662 11.683168
957 887 29.831684
154 374 17.990099
454 247 10.386139
582 778 22.455446
358 4 1.000000
938 199 0.198020
746 759 24.702971
513 20 6.376237
638 154 8.326733
652 206 16.217821
539 861 22.970297
266 358 15.029703
865 829 18.158417
643 409 18.415842
999 741 20.910891
550 481 26.267326
310 946 16.267326
682 840 0.782178
189 264 5.168317
395 742 11.504951
609 465 10.732674
967 145 8.970297
149 331 27.841583
558 971 21.950495
651 545 0.118812
132 478 2.316832
431 702 6.475247
623 671 23.326733
887 506 22.386139
630 330 19.207920
95 455 26.801981
592 823 15.009901
923 105 17.485149
894 604 0.267327
791 746 0.148515
270 240 5.138614
324 637 28.425743
995 343 21.722773
853 84 20.079208
184 366 17.475248
991 44 15.811881
814 682 8.059406
271 640 24.910891
875 747 10.188119
621 765 27.970297
214 434 9.178218
851 587 25.732674
546 172 18.247524
631 732 3.168317
349 827 15.683168
393 905 8.613861
76 781 7.039604
68 898 21.257425
816 289 3.445544
581 575 21.217821
367 4 0.356436
954 703 17.524752
478 726 20.524752
210 96 2.693069
38 672 0.742574
295 784 19.544554
428 535 25.920792
326 804 6.198020
616 992 7.861386
543 407 16.851484
899 444 3.316832
602 46 2.396039
680 500 28.188118
128 852 13.732674
801 187 7.801980
585 223 29.188118
473 301 18.049505
629 159 29.435644
622 86 11.287128
29 828 20.772278
825 504 25.871286
872 898 5.762376
724 895 1.841584
928 723 16.693069
467 113 9.148515
690 541 10.564357
992 616 29.554455
503 119 28.811882
589 301 29.594059
770 99 5.356436
626 144 8.643564
524 736 24.138615
772 282 10.712872
847 860 3.227723
960 215 20.039604
501 74 1.891089
469 519 28.336634
588 789 20.950495
890 41 15.930693
341 562 22.485149
486 817 27.455446
222 898 18.504950
857 850 29.356436
717 527 12.544555
284 131 13.128713
711 203 7.584158
230 317 26.425743
372 423 27.702971
413 384 26.524752
327 287 18.504950
497 960 25.742575
395 611 29.782179
245 787 20.722773
772 86 0.396040
256 233 16.821783
811 691 19.168316
128 651 17.990099
551 431 28.504950
287 800 3.871287
575 411 5.009901
887 364 7.287129
499 802 19.336634
638 815 20.970297
76 37 22.900990
309 977 14.039604
353 553 28.752476
356 840 24.603960
787 709 15.594059
940 303 7.009901
703 661 0.445545
67 347 4.059406
870 530 16.633663
37 108 25.336634
75 284 0.861386
52 232 1.415842
957 788 10.148515
149 155 20.297029
210 650 12.633663
865 48 16.188118
527 85 27.495050
874 698 5.059406
405 198 20.277227
865 549 28.613861
149 538 5.128713
733 603 25.871286
521 978 3.336634
28 58 16.693069
30 846 8.267326
430 422 7.891089
516 289 3.792079
214 212 16.633663
764 851 23.702971
313 63 0.009901
851 961 10.861386
454 286 20.475248
785 15 27.247524
195 701 1.237624
42 888 12.732674
816 286 1.643564
457 549 20.663366
670 339 10.227723
873 355 5.732673
936 129 23.811882
250 768 14.138614
888 556 24.564356
256 430 10.841584
309 178 0.118812
198 954 11.366337
484 760 28.534653
385 997 7.821782
76 102 21.059406
783 773 14.643564
912 208 23.188118
680 956 16.643564
589 259 14.465346
19 17 29.514851
197 559 19.475248
503 649 16.702971
264 133 29.455446
613 433 21.297029
716 543 26.019802
489 674 0.257426
50 679 27.712872
358 620 19.742575
618 163 1.524752
635 594 10.544555
546 634 12.722773
196 631 26.277227
681 178 18.297029
467 561 6.079208
362 681 24.623762
36 877 25.495050
715 856 14.425742
335 100 15.217822
498 377 13.336634
445 242 2.029703
79 479 9.128713
62 266 19.099010
240 556 14.623762
153 110 24.237623
834 629 11.435643
711 217 12.940594
919 294 29.069307
372 773 7.336634
749 610 25.732674
343 418 23.039604
175 860 15.782178
441 849 22.108912
997 738 0.049505
459 957 24.722773
88 994 27.425743
305 394 19.841583
951 830 17.891088
76 333 3.633663
39 172 12.465346
457 862 1.584158
669 996 11.534654
871 562 25.049505
609 189 9.732674
566 409 13.881188
913 429 13.574258
307 636 19.108912
489 905 27.297029
822 742 22.584158
347 303 20.168316
209 965 19.069307
557 971 6.980198
471 503 7.376237
661 477 10.673267
422 151 0.168317
851 933 1.445545
839 155 25.930693
97 682 27.900990
191 865 6.425743
495 773 28.841583
812 71 0.891089
135 179 6.940594
639 956 17.118813
468 604 24.851484
619 861 15.871287
904 37 14.900990
59 478 5.039604
94 578 21.782179
959 167 23.039604
84 931 28.108912
156 393 5.108911
687 65 15.623762
643 294 26.871286
599 346 19.554455
812 412 17.752476
850 547 6.673267
680 238 14.247525
259 769 0.891089
426 748 8.257425
709 567 14.594059
103 233 25.722773
168 64 16.396040
814 678 23.594059
160 283 26.019802
572 708 18.683168
472 104 17.425743
710 405 23.683168
831 766 19.049505
580 220 15.772277
147 986 21.603960
733 485 19.712872
797 843 26.673267
827 537 19.425743
462 577 16.415842
522 217 11.178218
626 669 6.564356
384 971 17.495050
150 305 19.009901
370 251 2.881188
357 623 23.495050
194 704 3.297030
37 241 23.049505
926 945 8.386139
504 464 16.178217
721 495 7.306931
742 450 13.861386
713 878 13.841584
370 720 21.504950
973 393 23.405941
596 647 26.485149
653 400 2.316832
246 238 20.970297
191 225 10.168317
655 391 7.861386
502 19 11.386139
953 521 9.435643
183 1 5.099010
903 866 7.722772
296 232 6.356436
943 969 16.792080
695 63 16.277227
285 703 24.544554
862 733 8.267326
253 337 2.544554
624 149 9.445544
497 682 10.168317
851 309 26.930693
69 649 2.900990
301 711 17.089109
271 99 13.702971
334 84 14.930693
390 425 11.039604
123 661 23.772278
812 88 17.158417
961 522 23.059406
995 811 18.762377
304 701 18.148516
305 126 22.039604
368 102 6.287129
820 79 9.960396
904 647 15.217822
681 614 10.039604
342 515 1.049505
782 631 12.762376
657 0 10.029703
468 345 18.574257
170 540 17.831684
648 586 14.227723
103 701 15.485148
182 470 12.297029
829 509 22.792080
443 883 3.247525
311 351 8.217822
942 942 1.623762
294 345 0.366337
639 61 29.544554
532 124 9.326733
118 491 12.316832
172 515 11.415842
642 260 9.366337
151 824 19.881187
387 645 13.554456
738 795 1.425743
681 991 22.940594
378 618 19.594059
440 254 1.435644
564 7 15.910892
408 633 6.821782
923 556 11.871287
535 934 21.693069
360 494 1.910891
5 883 29.079208
152 420 7.564356
143 267 14.079208
114 409 2.722772
368 844 27.861385
727 271 3.722772
361 582 22.475248
269 12 9.683168
556 613 10.831683
50 209 8.207921
286 956 25.950495
706 90 21.643564
325 314 20.495050
734 220 8.475247
931 856 15.940594
554 932 28.099010
137 924 25.623762
149 973 19.495050
762 649 8.118812
971 508 15.207921
279 80 16.306931
369 8 26.287128
684 89 0.920792
256 665 23.148516
464 707 23.910891
396 117 18.970297
320 255 9.900990
645 754 3.534653
294 875 27.405941
155 551 27.554455
235 630 21.544554
595 995 8.475247
36 418 25.891088
53 519 29.217821
760 354 21.178217
878 472 29.633663
133 792 13.970297
240 602 11.009901
467 912 17.415842
370 985 12.712872
1 382 6.425743
348 410 24.514851
119 455 28.623762
638 889 10.594059
344 578 7.554455
816 84 21.128714
960 985 5.069307
914 559 0.663366
827 779 11.752475
164 645 17.782179
898 666 2.643564
308 922 28.297029
116 125 2.356436
5 365 14.425742
935 659 28.980198
371 65 9.930693
357 349 20.584158
268 766 27.841583
399 776 5.227723
44 252 10.168317
710 99 10.217822
984 299 28.237623
462 200 11.396040
179 219 2.564356
190 877 15.306931
255 230 10.801980
604 752 20.029703
723 586 26.950495
499 334 12.574258
103 262 10.000000
203 706 17.584158
854 48 11.772277
54 51 2.722772
274 170 4.742574
503 646 12.762376
733 410 5.653465
837 545 3.237624
775 37 27.554455
110 149 3.623762
724 661 4.524753
430 570 2.386139
478 189 15.504951
530 144 12.178218
52 914 10.445544
699 215 26.049505
461 706 12.316832
6 805 24.841583
395 509 24.227722
896 287 9.623762
558 917 16.277227
128 298 8.693069
669 586 12.752475
165 376 12.366337
431 573 18.920792
646 44 4.980198
705 370 1.524752
510 430 19.356436
371 679 4.168317
659 703 14.237624
576 838 16.485149
226 696 6.564356
812 337 3.396039
540 456 18.752476
466 809 9.693069
862 862 26.643564
233 319 8.009901
663 884 3.801980
694 808 2.920792
397 126 18.574257
235 341 10.069307
284 466 11.930693
621 71 26.544554
429 345 10.742575
238 137 6.712871
452 8 24.891088
771 877 2.653465
656 452 11.000000
816 889 16.099010
942 345 12.178218
636 813 24.534653
454 560 25.099010
878 182 6.920792
223 319 14.079208
360 997 13.277227
720 493 9.099010
598 204 22.198019
402 147 9.752475
291 754 19.811882
988 406 13.534654
153 456 5.168317
714 94 11.188119
896 663 8.158416
567 206 0.811881
917 529 7.900990
410 739 9.108911
614 753 16.762377
762 538 7.534654
868 332 2.227723
626 941 2.435644
435 845 28.059406
529 385 29.188118
544 732 17.742575
102 956 5.940594
632 404 20.188118
723 917 21.544554
828 150 20.564356
718 333 21.217821
402 270 4.524753
344 146 2.247525
189 362 12.237624
927 732 29.019802
659 816 19.029703
615 148 19.188118
372 48 27.930693
641 864 29.851484
143 443 4.059406
828 989 18.415842
98 296 7.009901
596 176 21.000000
958 682 29.574257
43 623 7.900990
211 797 27.178217
360 867 6.891089
760 40 7.861386
624 845 23.643564
420 77 3.356436
409 137 9.425742
57 916 20.712872
233 449 8.118812
915 678 5.405941
890 96 10.633663
39 794 9.990099
907 502 5.554455
947 826 4.584158
145 874 11.613861
222 915 18.188118
360 99 1.871287
628 111 28.217821
429 221 11.762376
107 927 16.069307
555 944 22.069307
701 355 15.752475
556 626 0.504951
382 609 26.831684
609 352 17.000000
876 72 2.198020
976 563 2.148515
439 464 19.594059
13 422 1.554455
292 965 16.019802
236 776 16.900990
944 830 27.762377
570 923 15.801980
532 923 19.227722
236 870 15.900990
660 315 29.475248
224 982 3.306931
688 713 8.138614
462 720 4.683168
779 860 15.405941
908 459 1.376238
738 613 18.881187
661 821 17.930693
584 585 19.742575
806 84 13.227723
473 191 11.326733
807 527 16.584158
520 839 2.188119
592 295 25.039604
804 411 23.891088
263 820 13.485148
877 170 17.227722
698 111 6.534654
636 975 26.247524
720 723 14.524753
911 60 18.376238
791 705 9.990099
982 926 22.861385
277 187 15.237624
689 262 5.683168
861 764 24.534653
31 527 14.376238
143 27 18.623762
470 541 7.415842
546 638 2.643564
606 894 18.881187
663 976 26.940594
941 865 0.118812
480 626 22.217821
742 332 7.940594
858 491 18.346535
737 265 9.148515
765 916 14.910892
658 617 9.217822
648 955 26.148516
543 12 5.930693
871 333 18.564356
88 797 7.623763
714 892 19.633663
399 616 19.633663
890 29 2.841584
155 303 27.089109
71 609 20.920792
688 410 20.891088
995 34 8.910892
8 203 13.851485
693 331 24.079208
843 473 6.584158
735 557 12.900990
703 472 29.594059
732 130 2.356436
387 998 1.386139
997 603 25.396040
759 326 4.336634
145 706 5.633663
349 735 1.920792
32 659 27.762377
505 454 20.099010
414 689 9.039604
887 991 2.475248
369 691 8.346535
719 282 0.663366
322 379 2.910891
648 548 0.009901
707 109 2.504951
442 313 20.871286
454 230 16.722773
260 840 8.623762
950 645 5.534654
293 185 27.079208
984 780 17.247524
266 107 25.871286
998 821 4.376237
898 885 5.019802
7 60 18.683168
672 28 24.297029
902 50 21.376238
94 103 3.990099
739 662 24.386139
924 988 21.138615
704 552 23.841583
163 838 20.524752
985 842 28.227722
222 521 12.366337
282 849 22.940594
662 235 5.584158
712 416 23.554455
816 699 13.277227
830 595 26.198019
170 792 27.000000
75 931 16.851484
265 406 21.069307
107 499 10.336634
981 239 16.227722
182 228 25.752476
417 225 27.079208
834 894 25.415842
885 817 8.831683
832 835 15.940594
977 593 7.940594
908 627 26.267326
666 717 15.148515
165 971 14.801980
756 562 0.930693
337 375 8.564357
562 470 12.049505
808 580 21.356436
625 402 27.851484
813 392 21.188118
758 564 11.435643
385 259 19.722773
454 29 25.564356
426 416 5.148515
988 263 16.702971
716 90 12.613861
186 100 2.801980
766 527 7.198020
520 492 19.356436
264 694 23.881187
829 729 2.643564
440 93 26.980198
822 365 25.069307
238 7 17.990099
853 815 16.069307
944 731 6.861386
44 984 16.128714
923 151 26.613861
767 126 3.722772
461 430 16.306931
543 548 5.950495
636 423 10.613861
354 36 26.564356
361 455 24.603960
176 300 5.198020
907 133 29.297029
243 35 16.782179
394 475 24.049505
872 681 29.445545
655 760 15.158416
203 752 18.039604
978 276 20.861385
366 241 12.019802
821 676 4.059406
121 54 0.801980
607 285 20.297029
642 460 29.475248
469 31 2.485148
150 525 6.504951
911 138 15.247525
15 212 9.574258
291 830 5.148515
533 436 15.940594
561 396 5.712871
967 717 8.099010
604 567 24.851484
64 677 18.485149
447 30 20.801981
972 777 28.415842
462 749 0.712871
675 376 28.346535
505 558 14.257425
941 719 13.405941
689 246 8.009901
406 594 8.336634
326 416 5.267327
3 493 28.079208
33 916 3.574257
162 456 17.108912
912 499 8.148515
640 804 7.495049
199 477 17.544554
918 793 0.485149
164 642 28.336634
110 756 15.158416
527 838 7.425743
372 525 9.762376
289 628 7.316832
97 826 3.900990
948 701 20.356436
105 391 13.267326
582 403 6.544554
375 625 20.990099
369 787 28.217821
125 639 2.613861
316 249 29.267326
841 537 11.712872
469 828 15.425742
647 152 29.871286
701 990 10.455445
92 741 16.584158
495 484 17.920792
120 426 14.396040
260 286 19.415842
251 662 10.990099
852 148 28.782179
389 514 2.405941
217 252 19.940594
721 631 26.287128
63 107 22.900990
804 884 4.910891
640 414 8.495049
66 878 22.524752
352 69 17.504950
14 981 21.762377
515 19 21.792080
29 724 23.693069
633 271 22.891088
264 286 28.029703
723 301 13.009901
608 17 28.188118
374 177 12.514852
253 833 2.514852
674 961 20.524752
8 701 3.415842
379 692 0.811881
103 535 26.306931
374 119 17.287128
13 272 20.504950
666 146 20.168316
36 435 26.732674
213 529 28.118813
46 616 26.584158
359 769 22.178217
60 274 4.316832
752 498 14.000000
639 885 5.673267
758 653 27.415842
382 54 9.158416
528 71 22.871286
964 164 1.455446
845 864 25.475248
461 291 29.089109
582 323 19.178217
209 30 13.227723
707 96 4.346535
593 542 28.643564
598 91 19.831684
653 366 2.108911
724 7 19.188118
240 666 22.732674
105 361 27.940594
748 269 17.326733
72 928 23.396040
454 595 6.693069
902 26 1.950495
444 209 8.653465
535 384 24.445545
254 670 6.613862
613 338 21.316832
279 886 27.396040
992 751 24.257425
261 461 8.683168
190 336 22.920792
137 442 0.485149
515 461 20.029703
724 836 6.891089
461 507 12.396040
483 425 18.316832
821 348 3.801980
59 348 23.059406
810 588 16.217821
623 285 25.742575
960 82 20.722773
754 952 20.346535
216 627 23.504950
404 205 4.544554
911 228 7.782178
689 138 8.702971
389 654 9.425742
737 783 29.138615
677 543 1.900990
314 295 1.336634
749 308 29.089109
701 216 19.900990
328 612 24.801981
534 172 17.059406
114 160 19.673267
252 609 28.415842
906 541 4.247525
689 646 14.148515
232 810 11.168317
527 785 19.584158
187 736 2.396039
755 646 13.871287
368 663 24.495050
892 248 24.306931
52 885 5.851485
13 138 11.534654
554 727 29.673267
200 706 5.396039
362 127 20.435644
148 225 18.000000
884 989 23.831684
882 503 14.316832
898 717 9.821782
146 612 5.168317
384 745 19.247524
522 640 1.168317
601 787 3.970297
660 544 22.742575
787 638 26.623762
12 668 3.178218
353 577 29.415842
856 674 28.762377
926 878 8.118812
890 450 22.277227
636 266 12.633663
276 486 15.861386
416 367 29.049505
960 506 27.782179
951 845 26.198019
619 898 21.138615
197 100 16.524752
223 537 0.415842
101 857 18.029703
903 427 18.188118
169 496 10.861386
655 948 1.910891
374 275 18.534653
880 851 14.732674
77 439 27.227722
975 814 0.801980
75 553 14.782178
613 997 2.990099
822 298 25.415842
602 525 16.217821
98 995 27.554455
398 100 3.009901
673 482 19.415842
524 632 6.405941
315 743 1.059406
129 156 16.990099
34 541 11.712872
32 123 14.663366
330 280 24.594059
208 890 6.613862
203 403 11.683168
303 789 23.762377
138 830 13.059406
770 597 24.277227
865 596 10.881188
22 24 29.049505
563 428 25.603960
39 259 1.386139
671 55 18.158417
562 25 18.287128
317 246 19.950495
459 268 5.346535
289 689 20.722773
239 432 11.613861
835 403 21.425743
860 337 18.702971
640 105 19.930693
899 556 9.891089
306 742 7.227723
331 259 21.693069
929 336 10.841584
198 968 2.227723
887 552 28.851484
671 977 20.128714
74 821 28.138615
764 883 9.603960
869 318 11.504951
777 317 15.564357
520 707 22.108912
131 121 25.732674
820 96 18.712872
788 741 28.415842
692 845 4.257426
670 591 19.297029
843 575 23.495050
726 395 27.712872
45 779 1.019802
714 451 14.683168
774 374 11.405941
895 603 23.702971
991 516 9.861386
85 358 6.811881
282 750 18.574257
873 381 22.881187
801 684 0.009901
548 414 2.712871
328 259 5.376237
779 974 12.257425
506 467 20.237623
461 831 5.227723
977 679 4.584158
687 347 14.821782
437 156 22.495050
171 657 12.118812
855 180 19.504950
621 194 12.782178
881 639 17.217821
207 129 14.326733
674 334 5.336634
858 312 12.346535
537 538 15.425742
237 755 4.633663
745 409 8.366337
402 993 2.227723
582 155 21.168316
128 766 27.356436
768 278 5.514852
897 117 0.990099
583 736 14.128713
896 213 12.019802
786 504 2.693069
541 772 27.336634
950 79 2.772277
295 176 7.574257
803 444 20.287128
921 920 25.257425
199 17 12.198020
317 699 0.811881
405 236 19.019802
619 152 27.079208
475 926 15.871287
247 238 19.990099
326 490 9.920792
855 136 8.158416
299 535 12.485148
571 869 12.415842
