50
27 36 1.316832
35 43 23.118813
49 42 28.079208
27 12 27.930693
13 9 15.643564
26 40 15.900990
11 36 13.881188
29 17 20.574257
12 30 24.376238
35 17 6.069307
22 2 28.504950
17 19 17.702971
11 6 7.257426
23 29 12.693069
34 19 6.742574
24 48 14.920792
13 20 11.633663
30 41 7.881188
12 23 26.396040
31 46 4.356436
34 25 19.455446
5 36 8.881188
13 29 11.148515
45 24 25.712872
14 45 14.376238
14 34 3.237624
37 0 26.762377
28 26 18.297029
3 34 11.366337
49 4 5.752475
26 10 22.990099
12 39 20.079208
44 36 5.801980
20 45 22.564356
17 28 9.643564
2 47 12.683168
2 42 3.237624
30 1 25.207920
15 41 9.168317
19 44 9.495049
31 29 17.920792
21 47 17.297029
9 25 26.643564
6 17 23.237623
36 3 19.772278
33 6 8.663366
28 24 20.485149
29 32 5.554455
20 19 18.742575
15 8 25.128714
46 49 0.396040
45 18 23.990099
21 1 14.811881
38 29 14.009901
41 28 4.297029
0 43 28.712872
24 14 16.178217
6 37 10.435643
27 41 12.801980
36 9 21.633663
37 1 12.693069
7 25 24.633663
8 21 3.207921
37 29 14.207921
18 43 21.534653
11 43 4.831683
26 29 22.455446
13 43 3.306931
6 38 2.603961
18 4 29.504950
19 38 19.188118
46 17 19.574257
20 43 17.960396
49 40 26.663366
44 25 24.574257
39 5 1.485149
19 36 11.722773
14 42 15.762376
5 7 4.821782
11 48 27.663366
49 28 5.069307
18 46 13.099010
11 22 0.099010
1 5 26.534653
28 30 2.089109
36 20 5.396039
22 26 20.831684
16 8 20.247524
24 8 14.079208
24 12 15.118812
2 36 16.336634
0 29 29.099010
23 21 19.386139
30 31 6.049505
10 44 17.653465
31 49 2.702970
9 46 10.386139
18 13 4.485148
26 45 18.316832
40 34 25.801981
